,y_prob,y_true,Ticker,Date,Sector
0.0,0.5022535920143127,0.0,ADSGn.DE,2013-11-28,Consumer Cyclicals
1.0,0.5020095705986023,0.0,ADSGn.DE,2013-11-29,Consumer Cyclicals
2.0,0.5018575191497803,0.0,ADSGn.DE,2013-12-02,Consumer Cyclicals
3.0,0.5017406940460205,1.0,ADSGn.DE,2013-12-03,Consumer Cyclicals
4.0,0.5019217133522034,1.0,ADSGn.DE,2013-12-04,Consumer Cyclicals
5.0,0.5011051893234253,1.0,ADSGn.DE,2013-12-05,Consumer Cyclicals
6.0,0.5010914206504822,0.0,ADSGn.DE,2013-12-06,Consumer Cyclicals
7.0,0.4993026852607727,0.0,ADSGn.DE,2013-12-09,Consumer Cyclicals
8.0,0.4987921416759491,1.0,ADSGn.DE,2013-12-10,Consumer Cyclicals
9.0,0.4987357258796692,1.0,ADSGn.DE,2013-12-11,Consumer Cyclicals
10.0,0.49905022978782654,0.0,ADSGn.DE,2013-12-12,Consumer Cyclicals
11.0,0.49915358424186707,0.0,ADSGn.DE,2013-12-13,Consumer Cyclicals
12.0,0.4992842972278595,0.0,ADSGn.DE,2013-12-16,Consumer Cyclicals
13.0,0.49941349029541016,1.0,ADSGn.DE,2013-12-17,Consumer Cyclicals
14.0,0.49873507022857666,0.0,ADSGn.DE,2013-12-18,Consumer Cyclicals
15.0,0.4984489679336548,1.0,ADSGn.DE,2013-12-19,Consumer Cyclicals
16.0,0.4988935887813568,1.0,ADSGn.DE,2013-12-20,Consumer Cyclicals
17.0,0.49909621477127075,1.0,ADSGn.DE,2013-12-23,Consumer Cyclicals
18.0,0.4998212456703186,0.0,ADSGn.DE,2013-12-27,Consumer Cyclicals
19.0,0.5019485354423523,1.0,ADSGn.DE,2013-12-30,Consumer Cyclicals
20.0,0.5033789277076721,1.0,ADSGn.DE,2014-01-02,Consumer Cyclicals
21.0,0.5046047568321228,0.0,ADSGn.DE,2014-01-03,Consumer Cyclicals
22.0,0.5055177807807922,1.0,ADSGn.DE,2014-01-06,Consumer Cyclicals
23.0,0.5061365962028503,0.0,ADSGn.DE,2014-01-07,Consumer Cyclicals
24.0,0.5065092444419861,0.0,ADSGn.DE,2014-01-08,Consumer Cyclicals
25.0,0.5058343410491943,0.0,ADSGn.DE,2014-01-09,Consumer Cyclicals
26.0,0.505159854888916,1.0,ADSGn.DE,2014-01-10,Consumer Cyclicals
27.0,0.5045329928398132,0.0,ADSGn.DE,2014-01-13,Consumer Cyclicals
28.0,0.5040013194084167,1.0,ADSGn.DE,2014-01-14,Consumer Cyclicals
29.0,0.5020129084587097,0.0,ADSGn.DE,2014-01-15,Consumer Cyclicals
30.0,0.5006740093231201,0.0,ADSGn.DE,2014-01-16,Consumer Cyclicals
31.0,0.49985647201538086,1.0,ADSGn.DE,2014-01-17,Consumer Cyclicals
32.0,0.4993343651294708,0.0,ADSGn.DE,2014-01-20,Consumer Cyclicals
33.0,0.4987686574459076,1.0,ADSGn.DE,2014-01-21,Consumer Cyclicals
34.0,0.4975196123123169,1.0,ADSGn.DE,2014-01-22,Consumer Cyclicals
35.0,0.4981362521648407,0.0,ADSGn.DE,2014-01-23,Consumer Cyclicals
36.0,0.4980541467666626,0.0,ADSGn.DE,2014-01-24,Consumer Cyclicals
37.0,0.499135285615921,0.0,ADSGn.DE,2014-01-27,Consumer Cyclicals
38.0,0.49994710087776184,0.0,ADSGn.DE,2014-01-28,Consumer Cyclicals
39.0,0.49972015619277954,0.0,ADSGn.DE,2014-01-29,Consumer Cyclicals
40.0,0.5003772974014282,0.0,ADSGn.DE,2014-01-30,Consumer Cyclicals
41.0,0.5004835724830627,1.0,ADSGn.DE,2014-01-31,Consumer Cyclicals
42.0,0.5012920498847961,0.0,ADSGn.DE,2014-02-03,Consumer Cyclicals
43.0,0.5024333596229553,1.0,ADSGn.DE,2014-02-04,Consumer Cyclicals
44.0,0.5012416243553162,1.0,ADSGn.DE,2014-02-05,Consumer Cyclicals
45.0,0.49905532598495483,1.0,ADSGn.DE,2014-02-06,Consumer Cyclicals
46.0,0.49765998125076294,0.0,ADSGn.DE,2014-02-07,Consumer Cyclicals
47.0,0.49759677052497864,0.0,ADSGn.DE,2014-02-10,Consumer Cyclicals
48.0,0.49759340286254883,0.0,ADSGn.DE,2014-02-11,Consumer Cyclicals
49.0,0.4973931610584259,0.0,ADSGn.DE,2014-02-12,Consumer Cyclicals
50.0,0.49747464060783386,1.0,ADSGn.DE,2014-02-13,Consumer Cyclicals
51.0,0.4971306324005127,0.0,ADSGn.DE,2014-02-14,Consumer Cyclicals
52.0,0.4984356164932251,1.0,ADSGn.DE,2014-02-17,Consumer Cyclicals
53.0,0.49951350688934326,0.0,ADSGn.DE,2014-02-18,Consumer Cyclicals
54.0,0.5025094151496887,0.0,ADSGn.DE,2014-02-19,Consumer Cyclicals
55.0,0.5034218430519104,0.0,ADSGn.DE,2014-02-20,Consumer Cyclicals
56.0,0.5035167932510376,0.0,ADSGn.DE,2014-02-21,Consumer Cyclicals
57.0,0.5039921998977661,1.0,ADSGn.DE,2014-02-24,Consumer Cyclicals
58.0,0.5039500594139099,0.0,ADSGn.DE,2014-02-25,Consumer Cyclicals
59.0,0.5037770867347717,0.0,ADSGn.DE,2014-02-26,Consumer Cyclicals
60.0,0.5035601258277893,0.0,ADSGn.DE,2014-02-27,Consumer Cyclicals
61.0,0.5030792355537415,1.0,ADSGn.DE,2014-02-28,Consumer Cyclicals
62.0,0.5020075440406799,0.0,ADSGn.DE,2014-03-03,Consumer Cyclicals
63.0,0.5008325576782227,1.0,ADSGn.DE,2014-03-04,Consumer Cyclicals
64.0,0.4999612867832184,0.0,ADSGn.DE,2014-03-05,Consumer Cyclicals
65.0,0.4993610978126526,0.0,ADSGn.DE,2014-03-06,Consumer Cyclicals
66.0,0.49975165724754333,1.0,ADSGn.DE,2014-03-07,Consumer Cyclicals
67.0,0.49972960352897644,0.0,ADSGn.DE,2014-03-10,Consumer Cyclicals
68.0,0.49949562549591064,0.0,ADSGn.DE,2014-03-11,Consumer Cyclicals
69.0,0.4987287223339081,1.0,ADSGn.DE,2014-03-12,Consumer Cyclicals
70.0,0.5002722144126892,0.0,ADSGn.DE,2014-03-13,Consumer Cyclicals
71.0,0.4997563064098358,1.0,ADSGn.DE,2014-03-14,Consumer Cyclicals
72.0,0.4992820918560028,1.0,ADSGn.DE,2014-03-17,Consumer Cyclicals
73.0,0.49949097633361816,1.0,ADSGn.DE,2014-03-18,Consumer Cyclicals
74.0,0.49940016865730286,0.0,ADSGn.DE,2014-03-19,Consumer Cyclicals
75.0,0.4992906153202057,0.0,ADSGn.DE,2014-03-20,Consumer Cyclicals
76.0,0.49874332547187805,0.0,ADSGn.DE,2014-03-21,Consumer Cyclicals
77.0,0.49801158905029297,1.0,ADSGn.DE,2014-03-24,Consumer Cyclicals
78.0,0.49864131212234497,0.0,ADSGn.DE,2014-03-25,Consumer Cyclicals
79.0,0.5002352595329285,1.0,ADSGn.DE,2014-03-26,Consumer Cyclicals
80.0,0.5023272037506104,0.0,ADSGn.DE,2014-03-27,Consumer Cyclicals
81.0,0.5020108222961426,0.0,ADSGn.DE,2014-03-28,Consumer Cyclicals
82.0,0.5015248656272888,1.0,ADSGn.DE,2014-03-31,Consumer Cyclicals
83.0,0.5003851652145386,0.0,ADSGn.DE,2014-04-01,Consumer Cyclicals
84.0,0.4994542896747589,1.0,ADSGn.DE,2014-04-02,Consumer Cyclicals
85.0,0.500036358833313,0.0,ADSGn.DE,2014-04-03,Consumer Cyclicals
86.0,0.5025687217712402,0.0,ADSGn.DE,2014-04-04,Consumer Cyclicals
87.0,0.5030927658081055,0.0,ADSGn.DE,2014-04-07,Consumer Cyclicals
88.0,0.5036277770996094,1.0,ADSGn.DE,2014-04-08,Consumer Cyclicals
89.0,0.5034487843513489,1.0,ADSGn.DE,2014-04-09,Consumer Cyclicals
90.0,0.5036384463310242,1.0,ADSGn.DE,2014-04-10,Consumer Cyclicals
91.0,0.5028674006462097,1.0,ADSGn.DE,2014-04-11,Consumer Cyclicals
92.0,0.5018174648284912,0.0,ADSGn.DE,2014-04-14,Consumer Cyclicals
93.0,0.5002102255821228,1.0,ADSGn.DE,2014-04-15,Consumer Cyclicals
94.0,0.5001763105392456,0.0,ADSGn.DE,2014-04-16,Consumer Cyclicals
95.0,0.5005585551261902,0.0,ADSGn.DE,2014-04-17,Consumer Cyclicals
96.0,0.5009086728096008,0.0,ADSGn.DE,2014-04-22,Consumer Cyclicals
97.0,0.5007902383804321,1.0,ADSGn.DE,2014-04-23,Consumer Cyclicals
98.0,0.5008454322814941,1.0,ADSGn.DE,2014-04-24,Consumer Cyclicals
99.0,0.5000127553939819,1.0,ADSGn.DE,2014-04-25,Consumer Cyclicals
100.0,0.4992995858192444,0.0,ADSGn.DE,2014-04-28,Consumer Cyclicals
101.0,0.49835214018821716,0.0,ADSGn.DE,2014-04-29,Consumer Cyclicals
102.0,0.4974639117717743,0.0,ADSGn.DE,2014-04-30,Consumer Cyclicals
103.0,0.49674904346466064,1.0,ADSGn.DE,2014-05-02,Consumer Cyclicals
104.0,0.49697428941726685,0.0,ADSGn.DE,2014-05-05,Consumer Cyclicals
105.0,0.4982876181602478,1.0,ADSGn.DE,2014-05-06,Consumer Cyclicals
106.0,0.49931052327156067,0.0,ADSGn.DE,2014-05-07,Consumer Cyclicals
107.0,0.4996914565563202,1.0,ADSGn.DE,2014-05-08,Consumer Cyclicals
108.0,0.49969276785850525,1.0,ADSGn.DE,2014-05-09,Consumer Cyclicals
109.0,0.5004861354827881,0.0,ADSGn.DE,2014-05-12,Consumer Cyclicals
110.0,0.5008848309516907,1.0,ADSGn.DE,2014-05-13,Consumer Cyclicals
111.0,0.5010780096054077,1.0,ADSGn.DE,2014-05-14,Consumer Cyclicals
112.0,0.501269519329071,1.0,ADSGn.DE,2014-05-15,Consumer Cyclicals
113.0,0.5009555220603943,0.0,ADSGn.DE,2014-05-16,Consumer Cyclicals
114.0,0.5007718205451965,0.0,ADSGn.DE,2014-05-19,Consumer Cyclicals
115.0,0.500476062297821,1.0,ADSGn.DE,2014-05-20,Consumer Cyclicals
116.0,0.5017639398574829,0.0,ADSGn.DE,2014-05-21,Consumer Cyclicals
117.0,0.5026796460151672,0.0,ADSGn.DE,2014-05-22,Consumer Cyclicals
118.0,0.5029078125953674,0.0,ADSGn.DE,2014-05-23,Consumer Cyclicals
119.0,0.5042629241943359,1.0,ADSGn.DE,2014-05-26,Consumer Cyclicals
120.0,0.5040565729141235,0.0,ADSGn.DE,2014-05-27,Consumer Cyclicals
121.0,0.5030201077461243,0.0,ADSGn.DE,2014-05-28,Consumer Cyclicals
122.0,0.501556932926178,0.0,ADSGn.DE,2014-05-29,Consumer Cyclicals
123.0,0.500461220741272,1.0,ADSGn.DE,2014-05-30,Consumer Cyclicals
124.0,0.499929815530777,0.0,ADSGn.DE,2014-06-02,Consumer Cyclicals
125.0,0.4994426369667053,0.0,ADSGn.DE,2014-06-03,Consumer Cyclicals
126.0,0.4993095397949219,0.0,ADSGn.DE,2014-06-04,Consumer Cyclicals
127.0,0.4994311034679413,0.0,ADSGn.DE,2014-06-05,Consumer Cyclicals
128.0,0.5005741119384766,0.0,ADSGn.DE,2014-06-06,Consumer Cyclicals
129.0,0.50090092420578,1.0,ADSGn.DE,2014-06-09,Consumer Cyclicals
130.0,0.5007114410400391,1.0,ADSGn.DE,2014-06-10,Consumer Cyclicals
131.0,0.5003550052642822,0.0,ADSGn.DE,2014-06-11,Consumer Cyclicals
132.0,0.5004029273986816,1.0,ADSGn.DE,2014-06-12,Consumer Cyclicals
133.0,0.5001375675201416,1.0,ADSGn.DE,2014-06-13,Consumer Cyclicals
134.0,0.49959707260131836,1.0,ADSGn.DE,2014-06-16,Consumer Cyclicals
135.0,0.49939557909965515,0.0,ADSGn.DE,2014-06-17,Consumer Cyclicals
136.0,0.49863001704216003,0.0,ADSGn.DE,2014-06-18,Consumer Cyclicals
137.0,0.4981725811958313,0.0,ADSGn.DE,2014-06-19,Consumer Cyclicals
138.0,0.4988122880458832,0.0,ADSGn.DE,2014-06-20,Consumer Cyclicals
139.0,0.5002768039703369,0.0,ADSGn.DE,2014-06-23,Consumer Cyclicals
140.0,0.5003596544265747,0.0,ADSGn.DE,2014-06-24,Consumer Cyclicals
141.0,0.5010467767715454,0.0,ADSGn.DE,2014-06-25,Consumer Cyclicals
142.0,0.500990629196167,0.0,ADSGn.DE,2014-06-26,Consumer Cyclicals
143.0,0.5008292198181152,1.0,ADSGn.DE,2014-06-27,Consumer Cyclicals
144.0,0.5003893375396729,1.0,ADSGn.DE,2014-06-30,Consumer Cyclicals
145.0,0.49970942735671997,0.0,ADSGn.DE,2014-07-01,Consumer Cyclicals
146.0,0.4991375505924225,0.0,ADSGn.DE,2014-07-02,Consumer Cyclicals
147.0,0.49845561385154724,0.0,ADSGn.DE,2014-07-03,Consumer Cyclicals
148.0,0.4977884292602539,0.0,ADSGn.DE,2014-07-04,Consumer Cyclicals
149.0,0.4977323114871979,1.0,ADSGn.DE,2014-07-07,Consumer Cyclicals
150.0,0.49721622467041016,1.0,ADSGn.DE,2014-07-08,Consumer Cyclicals
151.0,0.4969492554664612,0.0,ADSGn.DE,2014-07-09,Consumer Cyclicals
152.0,0.4979999363422394,1.0,ADSGn.DE,2014-07-10,Consumer Cyclicals
153.0,0.4990576505661011,0.0,ADSGn.DE,2014-07-11,Consumer Cyclicals
154.0,0.49954333901405334,1.0,ADSGn.DE,2014-07-14,Consumer Cyclicals
155.0,0.4999092221260071,0.0,ADSGn.DE,2014-07-15,Consumer Cyclicals
156.0,0.5006704330444336,0.0,ADSGn.DE,2014-07-16,Consumer Cyclicals
157.0,0.5005970597267151,1.0,ADSGn.DE,2014-07-17,Consumer Cyclicals
158.0,0.499986857175827,1.0,ADSGn.DE,2014-07-18,Consumer Cyclicals
159.0,0.499509334564209,0.0,ADSGn.DE,2014-07-21,Consumer Cyclicals
160.0,0.49883443117141724,0.0,ADSGn.DE,2014-07-22,Consumer Cyclicals
161.0,0.498555451631546,0.0,ADSGn.DE,2014-07-23,Consumer Cyclicals
162.0,0.49850231409072876,0.0,ADSGn.DE,2014-07-24,Consumer Cyclicals
163.0,0.5008309483528137,0.0,ADSGn.DE,2014-07-25,Consumer Cyclicals
164.0,0.5007035136222839,0.0,ADSGn.DE,2014-07-28,Consumer Cyclicals
165.0,0.5011277794837952,1.0,ADSGn.DE,2014-07-29,Consumer Cyclicals
166.0,0.5015820860862732,0.0,ADSGn.DE,2014-07-30,Consumer Cyclicals
167.0,0.5021345019340515,0.0,ADSGn.DE,2014-07-31,Consumer Cyclicals
168.0,0.5011545419692993,1.0,ADSGn.DE,2014-08-01,Consumer Cyclicals
169.0,0.5006794333457947,0.0,ADSGn.DE,2014-08-04,Consumer Cyclicals
170.0,0.5003873705863953,1.0,ADSGn.DE,2014-08-05,Consumer Cyclicals
171.0,0.5004628896713257,1.0,ADSGn.DE,2014-08-06,Consumer Cyclicals
172.0,0.4995329976081848,0.0,ADSGn.DE,2014-08-07,Consumer Cyclicals
173.0,0.49840909242630005,1.0,ADSGn.DE,2014-08-08,Consumer Cyclicals
174.0,0.49896612763404846,0.0,ADSGn.DE,2014-08-11,Consumer Cyclicals
175.0,0.49898049235343933,1.0,ADSGn.DE,2014-08-12,Consumer Cyclicals
176.0,0.5035162568092346,0.0,ADSGn.DE,2014-08-13,Consumer Cyclicals
177.0,0.5023415088653564,1.0,ADSGn.DE,2014-08-14,Consumer Cyclicals
178.0,0.5016107559204102,1.0,ADSGn.DE,2014-08-15,Consumer Cyclicals
179.0,0.501552939414978,0.0,ADSGn.DE,2014-08-18,Consumer Cyclicals
180.0,0.5018172264099121,0.0,ADSGn.DE,2014-08-19,Consumer Cyclicals
181.0,0.5016676187515259,1.0,ADSGn.DE,2014-08-20,Consumer Cyclicals
182.0,0.5022130608558655,0.0,ADSGn.DE,2014-08-21,Consumer Cyclicals
183.0,0.5035369992256165,0.0,ADSGn.DE,2014-08-22,Consumer Cyclicals
184.0,0.5048798322677612,1.0,ADSGn.DE,2014-08-25,Consumer Cyclicals
185.0,0.5057136416435242,0.0,ADSGn.DE,2014-08-26,Consumer Cyclicals
186.0,0.5075457692146301,0.0,ADSGn.DE,2014-08-27,Consumer Cyclicals
187.0,0.5070107579231262,0.0,ADSGn.DE,2014-08-28,Consumer Cyclicals
188.0,0.5072957277297974,0.0,ADSGn.DE,2014-08-29,Consumer Cyclicals
189.0,0.507063090801239,1.0,ADSGn.DE,2014-09-01,Consumer Cyclicals
190.0,0.5061783790588379,0.0,ADSGn.DE,2014-09-02,Consumer Cyclicals
191.0,0.5045130252838135,1.0,ADSGn.DE,2014-09-03,Consumer Cyclicals
192.0,0.5022184252738953,0.0,ADSGn.DE,2014-09-04,Consumer Cyclicals
193.0,0.5022434592247009,0.0,ADSGn.DE,2014-09-05,Consumer Cyclicals
194.0,0.5025643110275269,0.0,ADSGn.DE,2014-09-08,Consumer Cyclicals
195.0,0.5019357800483704,0.0,ADSGn.DE,2014-09-09,Consumer Cyclicals
196.0,0.5003824234008789,0.0,ADSGn.DE,2014-09-10,Consumer Cyclicals
197.0,0.4994572699069977,1.0,ADSGn.DE,2014-09-11,Consumer Cyclicals
198.0,0.4996754229068756,0.0,ADSGn.DE,2014-09-12,Consumer Cyclicals
199.0,0.4997884929180145,1.0,ADSGn.DE,2014-09-15,Consumer Cyclicals
200.0,0.5020672678947449,1.0,ADSGn.DE,2014-09-16,Consumer Cyclicals
201.0,0.5033740401268005,1.0,ADSGn.DE,2014-09-17,Consumer Cyclicals
202.0,0.5029338598251343,1.0,ADSGn.DE,2014-09-18,Consumer Cyclicals
203.0,0.5023259520530701,0.0,ADSGn.DE,2014-09-19,Consumer Cyclicals
204.0,0.5011919140815735,0.0,ADSGn.DE,2014-09-22,Consumer Cyclicals
205.0,0.5001997947692871,1.0,ADSGn.DE,2014-09-23,Consumer Cyclicals
206.0,0.49984994530677795,1.0,ADSGn.DE,2014-09-24,Consumer Cyclicals
207.0,0.4995633363723755,1.0,ADSGn.DE,2014-09-25,Consumer Cyclicals
208.0,0.5003739595413208,0.0,ADSGn.DE,2014-09-26,Consumer Cyclicals
209.0,0.5021020174026489,0.0,ADSGn.DE,2014-09-29,Consumer Cyclicals
210.0,0.5054799318313599,0.0,ADSGn.DE,2014-09-30,Consumer Cyclicals
211.0,0.5073813796043396,1.0,ADSGn.DE,2014-10-01,Consumer Cyclicals
212.0,0.5067015886306763,0.0,ADSGn.DE,2014-10-02,Consumer Cyclicals
213.0,0.5042750835418701,0.0,ADSGn.DE,2014-10-06,Consumer Cyclicals
214.0,0.5027186870574951,1.0,ADSGn.DE,2014-10-07,Consumer Cyclicals
215.0,0.5030966401100159,1.0,ADSGn.DE,2014-10-08,Consumer Cyclicals
216.0,0.5020737051963806,0.0,ADSGn.DE,2014-10-09,Consumer Cyclicals
217.0,0.5006890892982483,0.0,ADSGn.DE,2014-10-10,Consumer Cyclicals
218.0,0.4991208612918854,1.0,ADSGn.DE,2014-10-13,Consumer Cyclicals
219.0,0.49845051765441895,0.0,ADSGn.DE,2014-10-14,Consumer Cyclicals
220.0,0.4991268217563629,1.0,ADSGn.DE,2014-10-15,Consumer Cyclicals
221.0,0.498422235250473,1.0,ADSGn.DE,2014-10-16,Consumer Cyclicals
222.0,0.4983622431755066,0.0,ADSGn.DE,2014-10-17,Consumer Cyclicals
223.0,0.4986027181148529,1.0,ADSGn.DE,2014-10-20,Consumer Cyclicals
224.0,0.49887561798095703,1.0,ADSGn.DE,2014-10-21,Consumer Cyclicals
225.0,0.4982966482639313,0.0,ADSGn.DE,2014-10-22,Consumer Cyclicals
226.0,0.49719488620758057,0.0,ADSGn.DE,2014-10-23,Consumer Cyclicals
227.0,0.49730384349823,0.0,ADSGn.DE,2014-10-24,Consumer Cyclicals
228.0,0.49762091040611267,0.0,ADSGn.DE,2014-10-27,Consumer Cyclicals
229.0,0.4973183572292328,0.0,ADSGn.DE,2014-10-28,Consumer Cyclicals
230.0,0.49749571084976196,1.0,ADSGn.DE,2014-10-29,Consumer Cyclicals
231.0,0.49896153807640076,0.0,ADSGn.DE,2014-10-30,Consumer Cyclicals
232.0,0.5027337670326233,0.0,ADSGn.DE,2014-10-31,Consumer Cyclicals
233.0,0.5058144330978394,0.0,ADSGn.DE,2014-11-03,Consumer Cyclicals
234.0,0.5066447257995605,0.0,ADSGn.DE,2014-11-04,Consumer Cyclicals
235.0,0.5065671801567078,0.0,ADSGn.DE,2014-11-05,Consumer Cyclicals
236.0,0.5044484734535217,1.0,ADSGn.DE,2014-11-06,Consumer Cyclicals
237.0,0.5024861693382263,1.0,ADSGn.DE,2014-11-07,Consumer Cyclicals
238.0,0.5018535256385803,1.0,ADSGn.DE,2014-11-10,Consumer Cyclicals
239.0,0.5018762350082397,1.0,ADSGn.DE,2014-11-11,Consumer Cyclicals
240.0,0.500983476638794,1.0,ADSGn.DE,2014-11-12,Consumer Cyclicals
241.0,0.5020403265953064,1.0,ADSGn.DE,2014-11-13,Consumer Cyclicals
242.0,0.5016810894012451,1.0,ADSGn.DE,2014-11-14,Consumer Cyclicals
243.0,0.5002244114875793,0.0,ADSGn.DE,2014-11-17,Consumer Cyclicals
244.0,0.5002368092536926,0.0,ADSGn.DE,2014-11-18,Consumer Cyclicals
245.0,0.5035630464553833,1.0,ADSGn.DE,2014-11-19,Consumer Cyclicals
246.0,0.5049165487289429,1.0,ADSGn.DE,2014-11-20,Consumer Cyclicals
247.0,0.5053392648696899,0.0,ADSGn.DE,2014-11-21,Consumer Cyclicals
248.0,0.5049699544906616,0.0,ADSGn.DE,2014-11-24,Consumer Cyclicals
249.0,0.5038228631019592,0.0,ADSGn.DE,2014-11-25,Consumer Cyclicals
250.0,0.5024610161781311,1.0,ALVG.DE,2013-11-28,Financials
251.0,0.5026125907897949,0.0,ALVG.DE,2013-11-29,Financials
252.0,0.5021554827690125,1.0,ALVG.DE,2013-12-02,Financials
253.0,0.5014316439628601,1.0,ALVG.DE,2013-12-03,Financials
254.0,0.5001195073127747,0.0,ALVG.DE,2013-12-04,Financials
255.0,0.4994150996208191,1.0,ALVG.DE,2013-12-05,Financials
256.0,0.5002576112747192,1.0,ALVG.DE,2013-12-06,Financials
257.0,0.49931201338768005,1.0,ALVG.DE,2013-12-09,Financials
258.0,0.4983725845813751,0.0,ALVG.DE,2013-12-10,Financials
259.0,0.4980371296405792,0.0,ALVG.DE,2013-12-11,Financials
260.0,0.4990901052951813,0.0,ALVG.DE,2013-12-12,Financials
261.0,0.5001312494277954,1.0,ALVG.DE,2013-12-13,Financials
262.0,0.4997429847717285,1.0,ALVG.DE,2013-12-16,Financials
263.0,0.498985230922699,0.0,ALVG.DE,2013-12-17,Financials
264.0,0.49826234579086304,1.0,ALVG.DE,2013-12-18,Financials
265.0,0.4990277886390686,0.0,ALVG.DE,2013-12-19,Financials
266.0,0.5012587904930115,1.0,ALVG.DE,2013-12-20,Financials
267.0,0.5011478066444397,0.0,ALVG.DE,2013-12-23,Financials
268.0,0.5020031929016113,0.0,ALVG.DE,2013-12-27,Financials
269.0,0.5031225085258484,0.0,ALVG.DE,2013-12-30,Financials
270.0,0.5041401982307434,1.0,ALVG.DE,2014-01-02,Financials
271.0,0.504405677318573,0.0,ALVG.DE,2014-01-03,Financials
272.0,0.5043582916259766,1.0,ALVG.DE,2014-01-06,Financials
273.0,0.5041753649711609,1.0,ALVG.DE,2014-01-07,Financials
274.0,0.5039454698562622,0.0,ALVG.DE,2014-01-08,Financials
275.0,0.503894567489624,0.0,ALVG.DE,2014-01-09,Financials
276.0,0.5029328465461731,1.0,ALVG.DE,2014-01-10,Financials
277.0,0.5018457770347595,0.0,ALVG.DE,2014-01-13,Financials
278.0,0.50087571144104,1.0,ALVG.DE,2014-01-14,Financials
279.0,0.49936723709106445,1.0,ALVG.DE,2014-01-15,Financials
280.0,0.49867168068885803,1.0,ALVG.DE,2014-01-16,Financials
281.0,0.49881690740585327,0.0,ALVG.DE,2014-01-17,Financials
282.0,0.49995455145835876,0.0,ALVG.DE,2014-01-20,Financials
283.0,0.5000177621841431,0.0,ALVG.DE,2014-01-21,Financials
284.0,0.4993453025817871,0.0,ALVG.DE,2014-01-22,Financials
285.0,0.4997848570346832,0.0,ALVG.DE,2014-01-23,Financials
286.0,0.4996793270111084,1.0,ALVG.DE,2014-01-24,Financials
287.0,0.5001720190048218,1.0,ALVG.DE,2014-01-27,Financials
288.0,0.5029022097587585,1.0,ALVG.DE,2014-01-28,Financials
289.0,0.5033830404281616,0.0,ALVG.DE,2014-01-29,Financials
290.0,0.5032637119293213,1.0,ALVG.DE,2014-01-30,Financials
291.0,0.5021395087242126,0.0,ALVG.DE,2014-01-31,Financials
292.0,0.5013522505760193,0.0,ALVG.DE,2014-02-03,Financials
293.0,0.5001299381256104,1.0,ALVG.DE,2014-02-04,Financials
294.0,0.4984165132045746,0.0,ALVG.DE,2014-02-05,Financials
295.0,0.4970223903656006,0.0,ALVG.DE,2014-02-06,Financials
296.0,0.49654313921928406,1.0,ALVG.DE,2014-02-07,Financials
297.0,0.4978572428226471,0.0,ALVG.DE,2014-02-10,Financials
298.0,0.4980539083480835,1.0,ALVG.DE,2014-02-11,Financials
299.0,0.4988623857498169,0.0,ALVG.DE,2014-02-12,Financials
300.0,0.4989623725414276,1.0,ALVG.DE,2014-02-13,Financials
301.0,0.49835407733917236,0.0,ALVG.DE,2014-02-14,Financials
302.0,0.49900755286216736,0.0,ALVG.DE,2014-02-17,Financials
303.0,0.4995368421077728,0.0,ALVG.DE,2014-02-18,Financials
304.0,0.5011248588562012,1.0,ALVG.DE,2014-02-19,Financials
305.0,0.5026407241821289,1.0,ALVG.DE,2014-02-20,Financials
306.0,0.5026918649673462,0.0,ALVG.DE,2014-02-21,Financials
307.0,0.5039153099060059,1.0,ALVG.DE,2014-02-24,Financials
308.0,0.5040391087532043,0.0,ALVG.DE,2014-02-25,Financials
309.0,0.5042247772216797,1.0,ALVG.DE,2014-02-26,Financials
310.0,0.5037572979927063,0.0,ALVG.DE,2014-02-27,Financials
311.0,0.5029690861701965,1.0,ALVG.DE,2014-02-28,Financials
312.0,0.5020986199378967,0.0,ALVG.DE,2014-03-03,Financials
313.0,0.5017344951629639,0.0,ALVG.DE,2014-03-04,Financials
314.0,0.5013942122459412,1.0,ALVG.DE,2014-03-05,Financials
315.0,0.5007201433181763,1.0,ALVG.DE,2014-03-06,Financials
316.0,0.501317024230957,0.0,ALVG.DE,2014-03-07,Financials
317.0,0.5014112591743469,0.0,ALVG.DE,2014-03-10,Financials
318.0,0.5012035369873047,0.0,ALVG.DE,2014-03-11,Financials
319.0,0.49866771697998047,1.0,ALVG.DE,2014-03-12,Financials
320.0,0.4989120662212372,1.0,ALVG.DE,2014-03-13,Financials
321.0,0.4990173578262329,0.0,ALVG.DE,2014-03-14,Financials
322.0,0.49950775504112244,1.0,ALVG.DE,2014-03-17,Financials
323.0,0.4989103078842163,0.0,ALVG.DE,2014-03-18,Financials
324.0,0.49831461906433105,0.0,ALVG.DE,2014-03-19,Financials
325.0,0.49833497405052185,0.0,ALVG.DE,2014-03-20,Financials
326.0,0.49836018681526184,0.0,ALVG.DE,2014-03-21,Financials
327.0,0.4981752634048462,1.0,ALVG.DE,2014-03-24,Financials
328.0,0.4983866512775421,1.0,ALVG.DE,2014-03-25,Financials
329.0,0.500243604183197,1.0,ALVG.DE,2014-03-26,Financials
330.0,0.5010914206504822,0.0,ALVG.DE,2014-03-27,Financials
331.0,0.5007609128952026,0.0,ALVG.DE,2014-03-28,Financials
332.0,0.5004621744155884,0.0,ALVG.DE,2014-03-31,Financials
333.0,0.49978774785995483,1.0,ALVG.DE,2014-04-01,Financials
334.0,0.4992045760154724,0.0,ALVG.DE,2014-04-02,Financials
335.0,0.5005102157592773,0.0,ALVG.DE,2014-04-03,Financials
336.0,0.502777099609375,1.0,ALVG.DE,2014-04-04,Financials
337.0,0.5026617050170898,0.0,ALVG.DE,2014-04-07,Financials
338.0,0.5025550127029419,1.0,ALVG.DE,2014-04-08,Financials
339.0,0.5020845532417297,0.0,ALVG.DE,2014-04-09,Financials
340.0,0.5017690658569336,0.0,ALVG.DE,2014-04-10,Financials
341.0,0.5013602375984192,1.0,ALVG.DE,2014-04-11,Financials
342.0,0.5014280676841736,0.0,ALVG.DE,2014-04-14,Financials
343.0,0.5002147555351257,1.0,ALVG.DE,2014-04-15,Financials
344.0,0.500030517578125,0.0,ALVG.DE,2014-04-16,Financials
345.0,0.49980974197387695,0.0,ALVG.DE,2014-04-17,Financials
346.0,0.4993492662906647,1.0,ALVG.DE,2014-04-22,Financials
347.0,0.49890267848968506,1.0,ALVG.DE,2014-04-23,Financials
348.0,0.4988345503807068,1.0,ALVG.DE,2014-04-24,Financials
349.0,0.49813053011894226,1.0,ALVG.DE,2014-04-25,Financials
350.0,0.4986824095249176,1.0,ALVG.DE,2014-04-28,Financials
351.0,0.4996422827243805,1.0,ALVG.DE,2014-04-29,Financials
352.0,0.5006197094917297,1.0,ALVG.DE,2014-04-30,Financials
353.0,0.5014550685882568,1.0,ALVG.DE,2014-05-02,Financials
354.0,0.5033538937568665,1.0,ALVG.DE,2014-05-05,Financials
355.0,0.5035833716392517,1.0,ALVG.DE,2014-05-06,Financials
356.0,0.5037974715232849,1.0,ALVG.DE,2014-05-07,Financials
357.0,0.5024121403694153,1.0,ALVG.DE,2014-05-08,Financials
358.0,0.5020747184753418,0.0,ALVG.DE,2014-05-09,Financials
359.0,0.50320965051651,0.0,ALVG.DE,2014-05-12,Financials
360.0,0.5033044219017029,0.0,ALVG.DE,2014-05-13,Financials
361.0,0.5030595660209656,1.0,ALVG.DE,2014-05-14,Financials
362.0,0.5020530223846436,1.0,ALVG.DE,2014-05-15,Financials
363.0,0.5012999773025513,0.0,ALVG.DE,2014-05-16,Financials
364.0,0.5006915926933289,0.0,ALVG.DE,2014-05-19,Financials
365.0,0.501280665397644,1.0,ALVG.DE,2014-05-20,Financials
366.0,0.502060055732727,1.0,ALVG.DE,2014-05-21,Financials
367.0,0.5016209483146667,0.0,ALVG.DE,2014-05-22,Financials
368.0,0.5018415451049805,0.0,ALVG.DE,2014-05-23,Financials
369.0,0.5015702247619629,0.0,ALVG.DE,2014-05-26,Financials
370.0,0.5015910863876343,1.0,ALVG.DE,2014-05-27,Financials
371.0,0.5012562274932861,1.0,ALVG.DE,2014-05-28,Financials
372.0,0.5002366900444031,1.0,ALVG.DE,2014-05-29,Financials
373.0,0.4996788501739502,0.0,ALVG.DE,2014-05-30,Financials
374.0,0.499424546957016,1.0,ALVG.DE,2014-06-02,Financials
375.0,0.4998586177825928,1.0,ALVG.DE,2014-06-03,Financials
376.0,0.4999847710132599,0.0,ALVG.DE,2014-06-04,Financials
377.0,0.4999454617500305,1.0,ALVG.DE,2014-06-05,Financials
378.0,0.5006757974624634,0.0,ALVG.DE,2014-06-06,Financials
379.0,0.5015581846237183,1.0,ALVG.DE,2014-06-09,Financials
380.0,0.5017896890640259,1.0,ALVG.DE,2014-06-10,Financials
381.0,0.5014948844909668,1.0,ALVG.DE,2014-06-11,Financials
382.0,0.5010040402412415,0.0,ALVG.DE,2014-06-12,Financials
383.0,0.5006858706474304,1.0,ALVG.DE,2014-06-13,Financials
384.0,0.5002104043960571,0.0,ALVG.DE,2014-06-16,Financials
385.0,0.49965474009513855,1.0,ALVG.DE,2014-06-17,Financials
386.0,0.4998225271701813,0.0,ALVG.DE,2014-06-18,Financials
387.0,0.4997563660144806,0.0,ALVG.DE,2014-06-19,Financials
388.0,0.5004011392593384,0.0,ALVG.DE,2014-06-20,Financials
389.0,0.5007451176643372,1.0,ALVG.DE,2014-06-23,Financials
390.0,0.5004090666770935,1.0,ALVG.DE,2014-06-24,Financials
391.0,0.49973928928375244,1.0,ALVG.DE,2014-06-25,Financials
392.0,0.49947622418403625,1.0,ALVG.DE,2014-06-26,Financials
393.0,0.4990719258785248,0.0,ALVG.DE,2014-06-27,Financials
394.0,0.49931028485298157,0.0,ALVG.DE,2014-06-30,Financials
395.0,0.4993528127670288,1.0,ALVG.DE,2014-07-01,Financials
396.0,0.4997391700744629,0.0,ALVG.DE,2014-07-02,Financials
397.0,0.49951860308647156,1.0,ALVG.DE,2014-07-03,Financials
398.0,0.49917829036712646,1.0,ALVG.DE,2014-07-04,Financials
399.0,0.4992314279079437,1.0,ALVG.DE,2014-07-07,Financials
400.0,0.49917876720428467,1.0,ALVG.DE,2014-07-08,Financials
401.0,0.49904072284698486,1.0,ALVG.DE,2014-07-09,Financials
402.0,0.4990701973438263,1.0,ALVG.DE,2014-07-10,Financials
403.0,0.49940943717956543,1.0,ALVG.DE,2014-07-11,Financials
404.0,0.5000848174095154,1.0,ALVG.DE,2014-07-14,Financials
405.0,0.5005187392234802,1.0,ALVG.DE,2014-07-15,Financials
406.0,0.5016072988510132,0.0,ALVG.DE,2014-07-16,Financials
407.0,0.502582311630249,1.0,ALVG.DE,2014-07-17,Financials
408.0,0.5030859112739563,1.0,ALVG.DE,2014-07-18,Financials
409.0,0.5027119517326355,0.0,ALVG.DE,2014-07-21,Financials
410.0,0.5034002661705017,1.0,ALVG.DE,2014-07-22,Financials
411.0,0.5023713707923889,0.0,ALVG.DE,2014-07-23,Financials
412.0,0.501760721206665,1.0,ALVG.DE,2014-07-24,Financials
413.0,0.5027368068695068,1.0,ALVG.DE,2014-07-25,Financials
414.0,0.5024642944335938,0.0,ALVG.DE,2014-07-28,Financials
415.0,0.5027039051055908,0.0,ALVG.DE,2014-07-29,Financials
416.0,0.5015634894371033,0.0,ALVG.DE,2014-07-30,Financials
417.0,0.5007278323173523,1.0,ALVG.DE,2014-07-31,Financials
418.0,0.499286025762558,1.0,ALVG.DE,2014-08-01,Financials
419.0,0.4996253252029419,1.0,ALVG.DE,2014-08-04,Financials
420.0,0.49973034858703613,0.0,ALVG.DE,2014-08-05,Financials
421.0,0.5003048181533813,1.0,ALVG.DE,2014-08-06,Financials
422.0,0.5000112056732178,1.0,ALVG.DE,2014-08-07,Financials
423.0,0.49966755509376526,1.0,ALVG.DE,2014-08-08,Financials
424.0,0.4998473823070526,0.0,ALVG.DE,2014-08-11,Financials
425.0,0.49922993779182434,1.0,ALVG.DE,2014-08-12,Financials
426.0,0.4981459081172943,1.0,ALVG.DE,2014-08-13,Financials
427.0,0.49713417887687683,1.0,ALVG.DE,2014-08-14,Financials
428.0,0.4969107508659363,1.0,ALVG.DE,2014-08-15,Financials
429.0,0.49737733602523804,0.0,ALVG.DE,2014-08-18,Financials
430.0,0.4976917803287506,0.0,ALVG.DE,2014-08-19,Financials
431.0,0.49798330664634705,0.0,ALVG.DE,2014-08-20,Financials
432.0,0.49876952171325684,1.0,ALVG.DE,2014-08-21,Financials
433.0,0.5006033182144165,1.0,ALVG.DE,2014-08-22,Financials
434.0,0.501443088054657,1.0,ALVG.DE,2014-08-25,Financials
435.0,0.5025513768196106,0.0,ALVG.DE,2014-08-26,Financials
436.0,0.5031869411468506,0.0,ALVG.DE,2014-08-27,Financials
437.0,0.5026132464408875,1.0,ALVG.DE,2014-08-28,Financials
438.0,0.5029352307319641,1.0,ALVG.DE,2014-08-29,Financials
439.0,0.5028641223907471,1.0,ALVG.DE,2014-09-01,Financials
440.0,0.5021294951438904,1.0,ALVG.DE,2014-09-02,Financials
441.0,0.5022711157798767,0.0,ALVG.DE,2014-09-03,Financials
442.0,0.5017030835151672,1.0,ALVG.DE,2014-09-04,Financials
443.0,0.5022796988487244,0.0,ALVG.DE,2014-09-05,Financials
444.0,0.5025742650032043,1.0,ALVG.DE,2014-09-08,Financials
445.0,0.5019880533218384,1.0,ALVG.DE,2014-09-09,Financials
446.0,0.5009746551513672,1.0,ALVG.DE,2014-09-10,Financials
447.0,0.5005706548690796,0.0,ALVG.DE,2014-09-11,Financials
448.0,0.5004814863204956,1.0,ALVG.DE,2014-09-12,Financials
449.0,0.5006560683250427,1.0,ALVG.DE,2014-09-15,Financials
450.0,0.5013911128044128,1.0,ALVG.DE,2014-09-16,Financials
451.0,0.5022054314613342,1.0,ALVG.DE,2014-09-17,Financials
452.0,0.501801073551178,1.0,ALVG.DE,2014-09-18,Financials
453.0,0.5015607476234436,1.0,ALVG.DE,2014-09-19,Financials
454.0,0.501003086566925,1.0,ALVG.DE,2014-09-22,Financials
455.0,0.500871479511261,1.0,ALVG.DE,2014-09-23,Financials
456.0,0.5003961324691772,0.0,ALVG.DE,2014-09-24,Financials
457.0,0.4999256432056427,1.0,ALVG.DE,2014-09-25,Financials
458.0,0.5002028942108154,0.0,ALVG.DE,2014-09-26,Financials
459.0,0.5002475380897522,1.0,ALVG.DE,2014-09-29,Financials
460.0,0.5004873275756836,0.0,ALVG.DE,2014-09-30,Financials
461.0,0.5020703673362732,1.0,ALVG.DE,2014-10-01,Financials
462.0,0.5027620792388916,1.0,ALVG.DE,2014-10-02,Financials
463.0,0.5024452805519104,1.0,ALVG.DE,2014-10-06,Financials
464.0,0.5013713836669922,1.0,ALVG.DE,2014-10-07,Financials
465.0,0.5009673833847046,1.0,ALVG.DE,2014-10-08,Financials
466.0,0.5000818967819214,1.0,ALVG.DE,2014-10-09,Financials
467.0,0.49827510118484497,1.0,ALVG.DE,2014-10-10,Financials
468.0,0.4972117245197296,1.0,ALVG.DE,2014-10-13,Financials
469.0,0.4973558783531189,0.0,ALVG.DE,2014-10-14,Financials
470.0,0.49757203459739685,1.0,ALVG.DE,2014-10-15,Financials
471.0,0.4974152743816376,0.0,ALVG.DE,2014-10-16,Financials
472.0,0.49795001745224,0.0,ALVG.DE,2014-10-17,Financials
473.0,0.49842679500579834,1.0,ALVG.DE,2014-10-20,Financials
474.0,0.4986306428909302,0.0,ALVG.DE,2014-10-21,Financials
475.0,0.4990382194519043,0.0,ALVG.DE,2014-10-22,Financials
476.0,0.498873770236969,0.0,ALVG.DE,2014-10-23,Financials
477.0,0.4991001784801483,1.0,ALVG.DE,2014-10-24,Financials
478.0,0.4991358816623688,1.0,ALVG.DE,2014-10-27,Financials
479.0,0.4983874261379242,0.0,ALVG.DE,2014-10-28,Financials
480.0,0.49774622917175293,0.0,ALVG.DE,2014-10-29,Financials
481.0,0.49936795234680176,1.0,ALVG.DE,2014-10-30,Financials
482.0,0.5000022053718567,0.0,ALVG.DE,2014-10-31,Financials
483.0,0.5013582110404968,0.0,ALVG.DE,2014-11-03,Financials
484.0,0.5023363828659058,1.0,ALVG.DE,2014-11-04,Financials
485.0,0.5032426118850708,0.0,ALVG.DE,2014-11-05,Financials
486.0,0.5030686259269714,0.0,ALVG.DE,2014-11-06,Financials
487.0,0.5022434592247009,1.0,ALVG.DE,2014-11-07,Financials
488.0,0.5025187730789185,1.0,ALVG.DE,2014-11-10,Financials
489.0,0.5024803280830383,1.0,ALVG.DE,2014-11-11,Financials
490.0,0.5024523735046387,1.0,ALVG.DE,2014-11-12,Financials
491.0,0.5037584900856018,1.0,ALVG.DE,2014-11-13,Financials
492.0,0.5030062198638916,1.0,ALVG.DE,2014-11-14,Financials
493.0,0.5021784901618958,1.0,ALVG.DE,2014-11-17,Financials
494.0,0.5024205446243286,0.0,ALVG.DE,2014-11-18,Financials
495.0,0.5021079182624817,0.0,ALVG.DE,2014-11-19,Financials
496.0,0.5047023296356201,1.0,ALVG.DE,2014-11-20,Financials
497.0,0.5053436756134033,0.0,ALVG.DE,2014-11-21,Financials
498.0,0.5047012567520142,1.0,ALVG.DE,2014-11-24,Financials
499.0,0.5028260350227356,0.0,ALVG.DE,2014-11-25,Financials
500.0,0.5020079016685486,0.0,BASFn.DE,2013-11-28,Basic Materials
501.0,0.5017741918563843,1.0,BASFn.DE,2013-11-29,Basic Materials
502.0,0.5009995102882385,1.0,BASFn.DE,2013-12-02,Basic Materials
503.0,0.5002469420433044,0.0,BASFn.DE,2013-12-03,Basic Materials
504.0,0.4995328187942505,0.0,BASFn.DE,2013-12-04,Basic Materials
505.0,0.5007945895195007,0.0,BASFn.DE,2013-12-05,Basic Materials
506.0,0.5009878873825073,1.0,BASFn.DE,2013-12-06,Basic Materials
507.0,0.500079333782196,0.0,BASFn.DE,2013-12-09,Basic Materials
508.0,0.49848130345344543,1.0,BASFn.DE,2013-12-10,Basic Materials
509.0,0.49751099944114685,0.0,BASFn.DE,2013-12-11,Basic Materials
510.0,0.49803435802459717,1.0,BASFn.DE,2013-12-12,Basic Materials
511.0,0.4986048638820648,0.0,BASFn.DE,2013-12-13,Basic Materials
512.0,0.4986792206764221,1.0,BASFn.DE,2013-12-16,Basic Materials
513.0,0.4983997344970703,0.0,BASFn.DE,2013-12-17,Basic Materials
514.0,0.4982399344444275,0.0,BASFn.DE,2013-12-18,Basic Materials
515.0,0.4982639253139496,0.0,BASFn.DE,2013-12-19,Basic Materials
516.0,0.5000767111778259,1.0,BASFn.DE,2013-12-20,Basic Materials
517.0,0.5000964999198914,1.0,BASFn.DE,2013-12-23,Basic Materials
518.0,0.5004331469535828,1.0,BASFn.DE,2013-12-27,Basic Materials
519.0,0.5013312101364136,0.0,BASFn.DE,2013-12-30,Basic Materials
520.0,0.5023213028907776,1.0,BASFn.DE,2014-01-02,Basic Materials
521.0,0.5033146142959595,0.0,BASFn.DE,2014-01-03,Basic Materials
522.0,0.504129946231842,0.0,BASFn.DE,2014-01-06,Basic Materials
523.0,0.504724383354187,1.0,BASFn.DE,2014-01-07,Basic Materials
524.0,0.5051112771034241,0.0,BASFn.DE,2014-01-08,Basic Materials
525.0,0.5054961442947388,0.0,BASFn.DE,2014-01-09,Basic Materials
526.0,0.504176914691925,1.0,BASFn.DE,2014-01-10,Basic Materials
527.0,0.5025995373725891,0.0,BASFn.DE,2014-01-13,Basic Materials
528.0,0.5011705756187439,0.0,BASFn.DE,2014-01-14,Basic Materials
529.0,0.4995630979537964,0.0,BASFn.DE,2014-01-15,Basic Materials
530.0,0.49909043312072754,1.0,BASFn.DE,2014-01-16,Basic Materials
531.0,0.4988994598388672,1.0,BASFn.DE,2014-01-17,Basic Materials
532.0,0.5010225176811218,1.0,BASFn.DE,2014-01-20,Basic Materials
533.0,0.5011627674102783,1.0,BASFn.DE,2014-01-21,Basic Materials
534.0,0.5000876784324646,0.0,BASFn.DE,2014-01-22,Basic Materials
535.0,0.5002312064170837,1.0,BASFn.DE,2014-01-23,Basic Materials
536.0,0.5003736019134521,0.0,BASFn.DE,2014-01-24,Basic Materials
537.0,0.5004729628562927,1.0,BASFn.DE,2014-01-27,Basic Materials
538.0,0.5010268092155457,1.0,BASFn.DE,2014-01-28,Basic Materials
539.0,0.5018655061721802,1.0,BASFn.DE,2014-01-29,Basic Materials
540.0,0.5023577213287354,1.0,BASFn.DE,2014-01-30,Basic Materials
541.0,0.5025132894515991,1.0,BASFn.DE,2014-01-31,Basic Materials
542.0,0.502885103225708,0.0,BASFn.DE,2014-02-03,Basic Materials
543.0,0.5021827220916748,0.0,BASFn.DE,2014-02-04,Basic Materials
544.0,0.5011788010597229,1.0,BASFn.DE,2014-02-05,Basic Materials
545.0,0.49934035539627075,1.0,BASFn.DE,2014-02-06,Basic Materials
546.0,0.49850282073020935,1.0,BASFn.DE,2014-02-07,Basic Materials
547.0,0.49979233741760254,0.0,BASFn.DE,2014-02-10,Basic Materials
548.0,0.5002759099006653,1.0,BASFn.DE,2014-02-11,Basic Materials
549.0,0.5011139512062073,1.0,BASFn.DE,2014-02-12,Basic Materials
550.0,0.5011274814605713,1.0,BASFn.DE,2014-02-13,Basic Materials
551.0,0.4999208152294159,1.0,BASFn.DE,2014-02-14,Basic Materials
552.0,0.49857836961746216,0.0,BASFn.DE,2014-02-17,Basic Materials
553.0,0.49830007553100586,1.0,BASFn.DE,2014-02-18,Basic Materials
554.0,0.49991825222969055,1.0,BASFn.DE,2014-02-19,Basic Materials
555.0,0.501258373260498,0.0,BASFn.DE,2014-02-20,Basic Materials
556.0,0.5012573599815369,0.0,BASFn.DE,2014-02-21,Basic Materials
557.0,0.5028723478317261,1.0,BASFn.DE,2014-02-24,Basic Materials
558.0,0.5035673975944519,0.0,BASFn.DE,2014-02-25,Basic Materials
559.0,0.5040014386177063,1.0,BASFn.DE,2014-02-26,Basic Materials
560.0,0.5048142075538635,0.0,BASFn.DE,2014-02-27,Basic Materials
561.0,0.5040293335914612,1.0,BASFn.DE,2014-02-28,Basic Materials
562.0,0.5035598874092102,0.0,BASFn.DE,2014-03-03,Basic Materials
563.0,0.5029299259185791,1.0,BASFn.DE,2014-03-04,Basic Materials
564.0,0.5018168687820435,0.0,BASFn.DE,2014-03-05,Basic Materials
565.0,0.5010657906532288,0.0,BASFn.DE,2014-03-06,Basic Materials
566.0,0.5015898942947388,0.0,BASFn.DE,2014-03-07,Basic Materials
567.0,0.5013502836227417,1.0,BASFn.DE,2014-03-10,Basic Materials
568.0,0.5016692280769348,1.0,BASFn.DE,2014-03-11,Basic Materials
569.0,0.4993268549442291,0.0,BASFn.DE,2014-03-12,Basic Materials
570.0,0.5004293918609619,0.0,BASFn.DE,2014-03-13,Basic Materials
571.0,0.5003933906555176,1.0,BASFn.DE,2014-03-14,Basic Materials
572.0,0.500439465045929,1.0,BASFn.DE,2014-03-17,Basic Materials
573.0,0.4997049868106842,0.0,BASFn.DE,2014-03-18,Basic Materials
574.0,0.4993290603160858,1.0,BASFn.DE,2014-03-19,Basic Materials
575.0,0.49976983666419983,0.0,BASFn.DE,2014-03-20,Basic Materials
576.0,0.4992670714855194,1.0,BASFn.DE,2014-03-21,Basic Materials
577.0,0.4981948435306549,0.0,BASFn.DE,2014-03-24,Basic Materials
578.0,0.4987577199935913,1.0,BASFn.DE,2014-03-25,Basic Materials
579.0,0.5002298951148987,1.0,BASFn.DE,2014-03-26,Basic Materials
580.0,0.501065731048584,1.0,BASFn.DE,2014-03-27,Basic Materials
581.0,0.5017985105514526,1.0,BASFn.DE,2014-03-28,Basic Materials
582.0,0.5014889240264893,1.0,BASFn.DE,2014-03-31,Basic Materials
583.0,0.5018396973609924,0.0,BASFn.DE,2014-04-01,Basic Materials
584.0,0.5008245706558228,0.0,BASFn.DE,2014-04-02,Basic Materials
585.0,0.5017694234848022,0.0,BASFn.DE,2014-04-03,Basic Materials
586.0,0.5029802322387695,1.0,BASFn.DE,2014-04-04,Basic Materials
587.0,0.5035489201545715,0.0,BASFn.DE,2014-04-07,Basic Materials
588.0,0.5045956373214722,1.0,BASFn.DE,2014-04-08,Basic Materials
589.0,0.5046062469482422,0.0,BASFn.DE,2014-04-09,Basic Materials
590.0,0.5029973983764648,1.0,BASFn.DE,2014-04-10,Basic Materials
591.0,0.5019528269767761,0.0,BASFn.DE,2014-04-11,Basic Materials
592.0,0.502012312412262,1.0,BASFn.DE,2014-04-14,Basic Materials
593.0,0.5004702210426331,1.0,BASFn.DE,2014-04-15,Basic Materials
594.0,0.5001158714294434,0.0,BASFn.DE,2014-04-16,Basic Materials
595.0,0.4997420012950897,1.0,BASFn.DE,2014-04-17,Basic Materials
596.0,0.5000851154327393,1.0,BASFn.DE,2014-04-22,Basic Materials
597.0,0.49916914105415344,1.0,BASFn.DE,2014-04-23,Basic Materials
598.0,0.49939894676208496,1.0,BASFn.DE,2014-04-24,Basic Materials
599.0,0.49885550141334534,1.0,BASFn.DE,2014-04-25,Basic Materials
600.0,0.49977973103523254,0.0,BASFn.DE,2014-04-28,Basic Materials
601.0,0.5015017986297607,1.0,BASFn.DE,2014-04-29,Basic Materials
602.0,0.5032824873924255,1.0,BASFn.DE,2014-04-30,Basic Materials
603.0,0.5047980546951294,1.0,BASFn.DE,2014-05-02,Basic Materials
604.0,0.5070348381996155,1.0,BASFn.DE,2014-05-05,Basic Materials
605.0,0.5063819289207458,0.0,BASFn.DE,2014-05-06,Basic Materials
606.0,0.5057740211486816,1.0,BASFn.DE,2014-05-07,Basic Materials
607.0,0.5038195848464966,1.0,BASFn.DE,2014-05-08,Basic Materials
608.0,0.502747654914856,1.0,BASFn.DE,2014-05-09,Basic Materials
609.0,0.5032127499580383,1.0,BASFn.DE,2014-05-12,Basic Materials
610.0,0.5033568739891052,0.0,BASFn.DE,2014-05-13,Basic Materials
611.0,0.5033819079399109,1.0,BASFn.DE,2014-05-14,Basic Materials
612.0,0.5032910108566284,1.0,BASFn.DE,2014-05-15,Basic Materials
613.0,0.5026008486747742,0.0,BASFn.DE,2014-05-16,Basic Materials
614.0,0.5010160207748413,0.0,BASFn.DE,2014-05-19,Basic Materials
615.0,0.501095712184906,0.0,BASFn.DE,2014-05-20,Basic Materials
616.0,0.5019360184669495,1.0,BASFn.DE,2014-05-21,Basic Materials
617.0,0.5018672943115234,0.0,BASFn.DE,2014-05-22,Basic Materials
618.0,0.5024543404579163,0.0,BASFn.DE,2014-05-23,Basic Materials
619.0,0.5021445751190186,0.0,BASFn.DE,2014-05-26,Basic Materials
620.0,0.5017759203910828,1.0,BASFn.DE,2014-05-27,Basic Materials
621.0,0.5008522868156433,1.0,BASFn.DE,2014-05-28,Basic Materials
622.0,0.4996762275695801,0.0,BASFn.DE,2014-05-29,Basic Materials
623.0,0.4995502531528473,0.0,BASFn.DE,2014-05-30,Basic Materials
624.0,0.49926289916038513,0.0,BASFn.DE,2014-06-02,Basic Materials
625.0,0.4996451437473297,1.0,BASFn.DE,2014-06-03,Basic Materials
626.0,0.49982890486717224,0.0,BASFn.DE,2014-06-04,Basic Materials
627.0,0.4999455213546753,1.0,BASFn.DE,2014-06-05,Basic Materials
628.0,0.5005483031272888,1.0,BASFn.DE,2014-06-06,Basic Materials
629.0,0.5012288093566895,1.0,BASFn.DE,2014-06-09,Basic Materials
630.0,0.5015562176704407,0.0,BASFn.DE,2014-06-10,Basic Materials
631.0,0.5013176798820496,1.0,BASFn.DE,2014-06-11,Basic Materials
632.0,0.5007753968238831,1.0,BASFn.DE,2014-06-12,Basic Materials
633.0,0.500442624092102,0.0,BASFn.DE,2014-06-13,Basic Materials
634.0,0.5005149245262146,0.0,BASFn.DE,2014-06-16,Basic Materials
635.0,0.500615119934082,1.0,BASFn.DE,2014-06-17,Basic Materials
636.0,0.5008019804954529,0.0,BASFn.DE,2014-06-18,Basic Materials
637.0,0.5010651350021362,1.0,BASFn.DE,2014-06-19,Basic Materials
638.0,0.5011454224586487,1.0,BASFn.DE,2014-06-20,Basic Materials
639.0,0.5007617473602295,0.0,BASFn.DE,2014-06-23,Basic Materials
640.0,0.5003301501274109,0.0,BASFn.DE,2014-06-24,Basic Materials
641.0,0.5004768967628479,1.0,BASFn.DE,2014-06-25,Basic Materials
642.0,0.4998910129070282,0.0,BASFn.DE,2014-06-26,Basic Materials
643.0,0.49939772486686707,0.0,BASFn.DE,2014-06-27,Basic Materials
644.0,0.5000459551811218,1.0,BASFn.DE,2014-06-30,Basic Materials
645.0,0.5001863837242126,0.0,BASFn.DE,2014-07-01,Basic Materials
646.0,0.5010485649108887,1.0,BASFn.DE,2014-07-02,Basic Materials
647.0,0.5014374852180481,1.0,BASFn.DE,2014-07-03,Basic Materials
648.0,0.5008793473243713,1.0,BASFn.DE,2014-07-04,Basic Materials
649.0,0.500318169593811,0.0,BASFn.DE,2014-07-07,Basic Materials
650.0,0.4996749758720398,0.0,BASFn.DE,2014-07-08,Basic Materials
651.0,0.49877750873565674,1.0,BASFn.DE,2014-07-09,Basic Materials
652.0,0.49833211302757263,0.0,BASFn.DE,2014-07-10,Basic Materials
653.0,0.4987005293369293,0.0,BASFn.DE,2014-07-11,Basic Materials
654.0,0.4993148446083069,1.0,BASFn.DE,2014-07-14,Basic Materials
655.0,0.5000545382499695,0.0,BASFn.DE,2014-07-15,Basic Materials
656.0,0.5014749765396118,1.0,BASFn.DE,2014-07-16,Basic Materials
657.0,0.5016745924949646,0.0,BASFn.DE,2014-07-17,Basic Materials
658.0,0.500774085521698,1.0,BASFn.DE,2014-07-18,Basic Materials
659.0,0.4994165897369385,0.0,BASFn.DE,2014-07-21,Basic Materials
660.0,0.4996270537376404,1.0,BASFn.DE,2014-07-22,Basic Materials
661.0,0.4986099898815155,1.0,BASFn.DE,2014-07-23,Basic Materials
662.0,0.49833568930625916,0.0,BASFn.DE,2014-07-24,Basic Materials
663.0,0.49940022826194763,0.0,BASFn.DE,2014-07-25,Basic Materials
664.0,0.4994399845600128,1.0,BASFn.DE,2014-07-28,Basic Materials
665.0,0.500747799873352,1.0,BASFn.DE,2014-07-29,Basic Materials
666.0,0.500343382358551,0.0,BASFn.DE,2014-07-30,Basic Materials
667.0,0.500034511089325,0.0,BASFn.DE,2014-07-31,Basic Materials
668.0,0.4991267919540405,0.0,BASFn.DE,2014-08-01,Basic Materials
669.0,0.49991676211357117,0.0,BASFn.DE,2014-08-04,Basic Materials
670.0,0.5008067488670349,1.0,BASFn.DE,2014-08-05,Basic Materials
671.0,0.5003116130828857,1.0,BASFn.DE,2014-08-06,Basic Materials
672.0,0.4990396499633789,1.0,BASFn.DE,2014-08-07,Basic Materials
673.0,0.4986644387245178,0.0,BASFn.DE,2014-08-08,Basic Materials
674.0,0.49951282143592834,1.0,BASFn.DE,2014-08-11,Basic Materials
675.0,0.4992789626121521,0.0,BASFn.DE,2014-08-12,Basic Materials
676.0,0.49825194478034973,1.0,BASFn.DE,2014-08-13,Basic Materials
677.0,0.4972904622554779,0.0,BASFn.DE,2014-08-14,Basic Materials
678.0,0.49663713574409485,0.0,BASFn.DE,2014-08-15,Basic Materials
679.0,0.49700579047203064,1.0,BASFn.DE,2014-08-18,Basic Materials
680.0,0.497723788022995,0.0,BASFn.DE,2014-08-19,Basic Materials
681.0,0.4981689751148224,1.0,BASFn.DE,2014-08-20,Basic Materials
682.0,0.4983510375022888,1.0,BASFn.DE,2014-08-21,Basic Materials
683.0,0.5005308389663696,0.0,BASFn.DE,2014-08-22,Basic Materials
684.0,0.5004062056541443,1.0,BASFn.DE,2014-08-25,Basic Materials
685.0,0.5022451281547546,1.0,BASFn.DE,2014-08-26,Basic Materials
686.0,0.5026734471321106,0.0,BASFn.DE,2014-08-27,Basic Materials
687.0,0.5016658306121826,0.0,BASFn.DE,2014-08-28,Basic Materials
688.0,0.5028243064880371,1.0,BASFn.DE,2014-08-29,Basic Materials
689.0,0.5032739043235779,0.0,BASFn.DE,2014-09-01,Basic Materials
690.0,0.5029305815696716,1.0,BASFn.DE,2014-09-02,Basic Materials
691.0,0.5037820339202881,1.0,BASFn.DE,2014-09-03,Basic Materials
692.0,0.5030787587165833,0.0,BASFn.DE,2014-09-04,Basic Materials
693.0,0.5045410990715027,0.0,BASFn.DE,2014-09-05,Basic Materials
694.0,0.5052309632301331,0.0,BASFn.DE,2014-09-08,Basic Materials
695.0,0.5045178532600403,0.0,BASFn.DE,2014-09-09,Basic Materials
696.0,0.5026910901069641,1.0,BASFn.DE,2014-09-10,Basic Materials
697.0,0.5018836855888367,0.0,BASFn.DE,2014-09-11,Basic Materials
698.0,0.5010693669319153,1.0,BASFn.DE,2014-09-12,Basic Materials
699.0,0.5009287595748901,1.0,BASFn.DE,2014-09-15,Basic Materials
700.0,0.5017563700675964,0.0,BASFn.DE,2014-09-16,Basic Materials
701.0,0.5015301704406738,1.0,BASFn.DE,2014-09-17,Basic Materials
702.0,0.5009772181510925,0.0,BASFn.DE,2014-09-18,Basic Materials
703.0,0.5001721382141113,1.0,BASFn.DE,2014-09-19,Basic Materials
704.0,0.4995036721229553,1.0,BASFn.DE,2014-09-22,Basic Materials
705.0,0.49931883811950684,0.0,BASFn.DE,2014-09-23,Basic Materials
706.0,0.49915406107902527,0.0,BASFn.DE,2014-09-24,Basic Materials
707.0,0.499102383852005,0.0,BASFn.DE,2014-09-25,Basic Materials
708.0,0.49928322434425354,1.0,BASFn.DE,2014-09-26,Basic Materials
709.0,0.49870219826698303,0.0,BASFn.DE,2014-09-29,Basic Materials
710.0,0.49894094467163086,0.0,BASFn.DE,2014-09-30,Basic Materials
711.0,0.49960577487945557,0.0,BASFn.DE,2014-10-01,Basic Materials
712.0,0.5003573298454285,0.0,BASFn.DE,2014-10-02,Basic Materials
713.0,0.5003200769424438,1.0,BASFn.DE,2014-10-06,Basic Materials
714.0,0.49932166934013367,0.0,BASFn.DE,2014-10-07,Basic Materials
715.0,0.49923449754714966,0.0,BASFn.DE,2014-10-08,Basic Materials
716.0,0.4979231059551239,1.0,BASFn.DE,2014-10-09,Basic Materials
717.0,0.4977671205997467,0.0,BASFn.DE,2014-10-10,Basic Materials
718.0,0.4976676404476166,1.0,BASFn.DE,2014-10-13,Basic Materials
719.0,0.498221755027771,0.0,BASFn.DE,2014-10-14,Basic Materials
720.0,0.4977963864803314,0.0,BASFn.DE,2014-10-15,Basic Materials
721.0,0.4971506595611572,1.0,BASFn.DE,2014-10-16,Basic Materials
722.0,0.4976523220539093,1.0,BASFn.DE,2014-10-17,Basic Materials
723.0,0.4975481927394867,0.0,BASFn.DE,2014-10-20,Basic Materials
724.0,0.49743887782096863,1.0,BASFn.DE,2014-10-21,Basic Materials
725.0,0.4981065094470978,0.0,BASFn.DE,2014-10-22,Basic Materials
726.0,0.4976951777935028,1.0,BASFn.DE,2014-10-23,Basic Materials
727.0,0.4989927113056183,0.0,BASFn.DE,2014-10-24,Basic Materials
728.0,0.49965840578079224,0.0,BASFn.DE,2014-10-27,Basic Materials
729.0,0.4989304840564728,1.0,BASFn.DE,2014-10-28,Basic Materials
730.0,0.5003742575645447,1.0,BASFn.DE,2014-10-29,Basic Materials
731.0,0.5038980841636658,0.0,BASFn.DE,2014-10-30,Basic Materials
732.0,0.5035781264305115,1.0,BASFn.DE,2014-10-31,Basic Materials
733.0,0.5052171945571899,0.0,BASFn.DE,2014-11-03,Basic Materials
734.0,0.5057961344718933,0.0,BASFn.DE,2014-11-04,Basic Materials
735.0,0.5065094232559204,1.0,BASFn.DE,2014-11-05,Basic Materials
736.0,0.5041381120681763,1.0,BASFn.DE,2014-11-06,Basic Materials
737.0,0.5015190243721008,0.0,BASFn.DE,2014-11-07,Basic Materials
738.0,0.5021346211433411,0.0,BASFn.DE,2014-11-10,Basic Materials
739.0,0.5027195811271667,0.0,BASFn.DE,2014-11-11,Basic Materials
740.0,0.5029078722000122,0.0,BASFn.DE,2014-11-12,Basic Materials
741.0,0.5047226548194885,0.0,BASFn.DE,2014-11-13,Basic Materials
742.0,0.5039145350456238,1.0,BASFn.DE,2014-11-14,Basic Materials
743.0,0.5026443004608154,1.0,BASFn.DE,2014-11-17,Basic Materials
744.0,0.5037368535995483,1.0,BASFn.DE,2014-11-18,Basic Materials
745.0,0.5049402713775635,1.0,BASFn.DE,2014-11-19,Basic Materials
746.0,0.504027247428894,0.0,BASFn.DE,2014-11-20,Basic Materials
747.0,0.5036426782608032,1.0,BASFn.DE,2014-11-21,Basic Materials
748.0,0.5031554698944092,1.0,BASFn.DE,2014-11-24,Basic Materials
749.0,0.5018966794013977,0.0,BASFn.DE,2014-11-25,Basic Materials
750.0,0.5014852285385132,0.0,BAYGn.DE,2013-11-28,Healthcare
751.0,0.5010876059532166,1.0,BAYGn.DE,2013-11-29,Healthcare
752.0,0.5005185604095459,1.0,BAYGn.DE,2013-12-02,Healthcare
753.0,0.5007387399673462,1.0,BAYGn.DE,2013-12-03,Healthcare
754.0,0.5015046000480652,0.0,BAYGn.DE,2013-12-04,Healthcare
755.0,0.5012436509132385,0.0,BAYGn.DE,2013-12-05,Healthcare
756.0,0.5014877915382385,0.0,BAYGn.DE,2013-12-06,Healthcare
757.0,0.5009428858757019,1.0,BAYGn.DE,2013-12-09,Healthcare
758.0,0.4994531571865082,0.0,BAYGn.DE,2013-12-10,Healthcare
759.0,0.4986494183540344,1.0,BAYGn.DE,2013-12-11,Healthcare
760.0,0.4989994764328003,1.0,BAYGn.DE,2013-12-12,Healthcare
761.0,0.5000038743019104,0.0,BAYGn.DE,2013-12-13,Healthcare
762.0,0.49963635206222534,1.0,BAYGn.DE,2013-12-16,Healthcare
763.0,0.49957504868507385,0.0,BAYGn.DE,2013-12-17,Healthcare
764.0,0.4995633065700531,1.0,BAYGn.DE,2013-12-18,Healthcare
765.0,0.499479204416275,0.0,BAYGn.DE,2013-12-19,Healthcare
766.0,0.5007186532020569,0.0,BAYGn.DE,2013-12-20,Healthcare
767.0,0.5005638599395752,1.0,BAYGn.DE,2013-12-23,Healthcare
768.0,0.5021892189979553,1.0,BAYGn.DE,2013-12-27,Healthcare
769.0,0.5032989382743835,0.0,BAYGn.DE,2013-12-30,Healthcare
770.0,0.503235399723053,0.0,BAYGn.DE,2014-01-02,Healthcare
771.0,0.5044128894805908,1.0,BAYGn.DE,2014-01-03,Healthcare
772.0,0.5057661533355713,0.0,BAYGn.DE,2014-01-06,Healthcare
773.0,0.5069382786750793,1.0,BAYGn.DE,2014-01-07,Healthcare
774.0,0.507810652256012,0.0,BAYGn.DE,2014-01-08,Healthcare
775.0,0.5078877806663513,0.0,BAYGn.DE,2014-01-09,Healthcare
776.0,0.505532443523407,0.0,BAYGn.DE,2014-01-10,Healthcare
777.0,0.502980649471283,0.0,BAYGn.DE,2014-01-13,Healthcare
778.0,0.5007635951042175,0.0,BAYGn.DE,2014-01-14,Healthcare
779.0,0.49869924783706665,1.0,BAYGn.DE,2014-01-15,Healthcare
780.0,0.4983469247817993,0.0,BAYGn.DE,2014-01-16,Healthcare
781.0,0.4981701672077179,0.0,BAYGn.DE,2014-01-17,Healthcare
782.0,0.4989580512046814,1.0,BAYGn.DE,2014-01-20,Healthcare
783.0,0.49865832924842834,1.0,BAYGn.DE,2014-01-21,Healthcare
784.0,0.4979711174964905,1.0,BAYGn.DE,2014-01-22,Healthcare
785.0,0.49811673164367676,0.0,BAYGn.DE,2014-01-23,Healthcare
786.0,0.49794456362724304,0.0,BAYGn.DE,2014-01-24,Healthcare
787.0,0.49807992577552795,0.0,BAYGn.DE,2014-01-27,Healthcare
788.0,0.5012507438659668,0.0,BAYGn.DE,2014-01-28,Healthcare
789.0,0.5019564032554626,1.0,BAYGn.DE,2014-01-29,Healthcare
790.0,0.502062201499939,1.0,BAYGn.DE,2014-01-30,Healthcare
791.0,0.5024243593215942,0.0,BAYGn.DE,2014-01-31,Healthcare
792.0,0.5030422210693359,1.0,BAYGn.DE,2014-02-03,Healthcare
793.0,0.5035539269447327,0.0,BAYGn.DE,2014-02-04,Healthcare
794.0,0.5023525357246399,0.0,BAYGn.DE,2014-02-05,Healthcare
795.0,0.5000127553939819,0.0,BAYGn.DE,2014-02-06,Healthcare
796.0,0.4985063076019287,0.0,BAYGn.DE,2014-02-07,Healthcare
797.0,0.49822983145713806,0.0,BAYGn.DE,2014-02-10,Healthcare
798.0,0.49848949909210205,1.0,BAYGn.DE,2014-02-11,Healthcare
799.0,0.4992135465145111,0.0,BAYGn.DE,2014-02-12,Healthcare
800.0,0.49941277503967285,1.0,BAYGn.DE,2014-02-13,Healthcare
801.0,0.49928176403045654,1.0,BAYGn.DE,2014-02-14,Healthcare
802.0,0.4987373948097229,0.0,BAYGn.DE,2014-02-17,Healthcare
803.0,0.49817323684692383,1.0,BAYGn.DE,2014-02-18,Healthcare
804.0,0.49855688214302063,1.0,BAYGn.DE,2014-02-19,Healthcare
805.0,0.4991883337497711,0.0,BAYGn.DE,2014-02-20,Healthcare
806.0,0.4996740221977234,0.0,BAYGn.DE,2014-02-21,Healthcare
807.0,0.503032386302948,1.0,BAYGn.DE,2014-02-24,Healthcare
808.0,0.5038962364196777,0.0,BAYGn.DE,2014-02-25,Healthcare
809.0,0.5044668316841125,0.0,BAYGn.DE,2014-02-26,Healthcare
810.0,0.5049534440040588,1.0,BAYGn.DE,2014-02-27,Healthcare
811.0,0.5042780637741089,1.0,BAYGn.DE,2014-02-28,Healthcare
812.0,0.503714919090271,0.0,BAYGn.DE,2014-03-03,Healthcare
813.0,0.5034266710281372,1.0,BAYGn.DE,2014-03-04,Healthcare
814.0,0.5023254156112671,0.0,BAYGn.DE,2014-03-05,Healthcare
815.0,0.5017421841621399,0.0,BAYGn.DE,2014-03-06,Healthcare
816.0,0.5018500089645386,0.0,BAYGn.DE,2014-03-07,Healthcare
817.0,0.5010194778442383,1.0,BAYGn.DE,2014-03-10,Healthcare
818.0,0.4999774694442749,0.0,BAYGn.DE,2014-03-11,Healthcare
819.0,0.5001924633979797,1.0,BAYGn.DE,2014-03-12,Healthcare
820.0,0.5016897320747375,0.0,BAYGn.DE,2014-03-13,Healthcare
821.0,0.5016314387321472,1.0,BAYGn.DE,2014-03-14,Healthcare
822.0,0.5013457536697388,0.0,BAYGn.DE,2014-03-17,Healthcare
823.0,0.5000873804092407,0.0,BAYGn.DE,2014-03-18,Healthcare
824.0,0.49949514865875244,1.0,BAYGn.DE,2014-03-19,Healthcare
825.0,0.49921050667762756,1.0,BAYGn.DE,2014-03-20,Healthcare
826.0,0.4993375837802887,1.0,BAYGn.DE,2014-03-21,Healthcare
827.0,0.4987430274486542,0.0,BAYGn.DE,2014-03-24,Healthcare
828.0,0.5000556111335754,1.0,BAYGn.DE,2014-03-25,Healthcare
829.0,0.5012557506561279,0.0,BAYGn.DE,2014-03-26,Healthcare
830.0,0.5016670823097229,0.0,BAYGn.DE,2014-03-27,Healthcare
831.0,0.5023146867752075,1.0,BAYGn.DE,2014-03-28,Healthcare
832.0,0.502768337726593,0.0,BAYGn.DE,2014-03-31,Healthcare
833.0,0.5042030811309814,0.0,BAYGn.DE,2014-04-01,Healthcare
834.0,0.5024625658988953,0.0,BAYGn.DE,2014-04-02,Healthcare
835.0,0.5033267140388489,1.0,BAYGn.DE,2014-04-03,Healthcare
836.0,0.5038881301879883,1.0,BAYGn.DE,2014-04-04,Healthcare
837.0,0.5034539699554443,0.0,BAYGn.DE,2014-04-07,Healthcare
838.0,0.5046972036361694,0.0,BAYGn.DE,2014-04-08,Healthcare
839.0,0.5038284063339233,0.0,BAYGn.DE,2014-04-09,Healthcare
840.0,0.5021429061889648,0.0,BAYGn.DE,2014-04-10,Healthcare
841.0,0.502407431602478,0.0,BAYGn.DE,2014-04-11,Healthcare
842.0,0.5026865601539612,1.0,BAYGn.DE,2014-04-14,Healthcare
843.0,0.5011587142944336,0.0,BAYGn.DE,2014-04-15,Healthcare
844.0,0.5000415444374084,1.0,BAYGn.DE,2014-04-16,Healthcare
845.0,0.4995819330215454,0.0,BAYGn.DE,2014-04-17,Healthcare
846.0,0.499088317155838,1.0,BAYGn.DE,2014-04-22,Healthcare
847.0,0.49822744727134705,0.0,BAYGn.DE,2014-04-23,Healthcare
848.0,0.49866974353790283,1.0,BAYGn.DE,2014-04-24,Healthcare
849.0,0.49817851185798645,1.0,BAYGn.DE,2014-04-25,Healthcare
850.0,0.4992273151874542,1.0,BAYGn.DE,2014-04-28,Healthcare
851.0,0.5004238486289978,1.0,BAYGn.DE,2014-04-29,Healthcare
852.0,0.5014916658401489,1.0,BAYGn.DE,2014-04-30,Healthcare
853.0,0.5023422241210938,1.0,BAYGn.DE,2014-05-02,Healthcare
854.0,0.5058388710021973,1.0,BAYGn.DE,2014-05-05,Healthcare
855.0,0.5057136416435242,0.0,BAYGn.DE,2014-05-06,Healthcare
856.0,0.5051107406616211,0.0,BAYGn.DE,2014-05-07,Healthcare
857.0,0.5033555626869202,1.0,BAYGn.DE,2014-05-08,Healthcare
858.0,0.5050774812698364,0.0,BAYGn.DE,2014-05-09,Healthcare
859.0,0.5070582032203674,1.0,BAYGn.DE,2014-05-12,Healthcare
860.0,0.5070528984069824,0.0,BAYGn.DE,2014-05-13,Healthcare
861.0,0.5064495205879211,1.0,BAYGn.DE,2014-05-14,Healthcare
862.0,0.505200982093811,1.0,BAYGn.DE,2014-05-15,Healthcare
863.0,0.5039327144622803,1.0,BAYGn.DE,2014-05-16,Healthcare
864.0,0.5022265911102295,0.0,BAYGn.DE,2014-05-19,Healthcare
865.0,0.5012906193733215,0.0,BAYGn.DE,2014-05-20,Healthcare
866.0,0.5019568204879761,1.0,BAYGn.DE,2014-05-21,Healthcare
867.0,0.5014610886573792,0.0,BAYGn.DE,2014-05-22,Healthcare
868.0,0.5027960538864136,1.0,BAYGn.DE,2014-05-23,Healthcare
869.0,0.5027896165847778,1.0,BAYGn.DE,2014-05-26,Healthcare
870.0,0.5030136108398438,1.0,BAYGn.DE,2014-05-27,Healthcare
871.0,0.5024436712265015,0.0,BAYGn.DE,2014-05-28,Healthcare
872.0,0.5019034743309021,1.0,BAYGn.DE,2014-05-29,Healthcare
873.0,0.5012816190719604,1.0,BAYGn.DE,2014-05-30,Healthcare
874.0,0.5003359913825989,1.0,BAYGn.DE,2014-06-02,Healthcare
875.0,0.500335693359375,0.0,BAYGn.DE,2014-06-03,Healthcare
876.0,0.4999372959136963,0.0,BAYGn.DE,2014-06-04,Healthcare
877.0,0.500041663646698,0.0,BAYGn.DE,2014-06-05,Healthcare
878.0,0.5014199018478394,1.0,BAYGn.DE,2014-06-06,Healthcare
879.0,0.5020563006401062,0.0,BAYGn.DE,2014-06-09,Healthcare
880.0,0.5012665390968323,1.0,BAYGn.DE,2014-06-10,Healthcare
881.0,0.500945508480072,0.0,BAYGn.DE,2014-06-11,Healthcare
882.0,0.5013819336891174,0.0,BAYGn.DE,2014-06-12,Healthcare
883.0,0.5016276836395264,0.0,BAYGn.DE,2014-06-13,Healthcare
884.0,0.5007084012031555,0.0,BAYGn.DE,2014-06-16,Healthcare
885.0,0.5003241896629333,1.0,BAYGn.DE,2014-06-17,Healthcare
886.0,0.49959689378738403,0.0,BAYGn.DE,2014-06-18,Healthcare
887.0,0.4997076690196991,1.0,BAYGn.DE,2014-06-19,Healthcare
888.0,0.49967867136001587,1.0,BAYGn.DE,2014-06-20,Healthcare
889.0,0.5006352663040161,1.0,BAYGn.DE,2014-06-23,Healthcare
890.0,0.500061571598053,1.0,BAYGn.DE,2014-06-24,Healthcare
891.0,0.49939924478530884,1.0,BAYGn.DE,2014-06-25,Healthcare
892.0,0.4989335238933563,0.0,BAYGn.DE,2014-06-26,Healthcare
893.0,0.4985160827636719,0.0,BAYGn.DE,2014-06-27,Healthcare
894.0,0.49877268075942993,1.0,BAYGn.DE,2014-06-30,Healthcare
895.0,0.4988960325717926,1.0,BAYGn.DE,2014-07-01,Healthcare
896.0,0.49956759810447693,0.0,BAYGn.DE,2014-07-02,Healthcare
897.0,0.500135064125061,1.0,BAYGn.DE,2014-07-03,Healthcare
898.0,0.5000593066215515,0.0,BAYGn.DE,2014-07-04,Healthcare
899.0,0.5010248422622681,0.0,BAYGn.DE,2014-07-07,Healthcare
900.0,0.5010598301887512,1.0,BAYGn.DE,2014-07-08,Healthcare
901.0,0.5001351833343506,1.0,BAYGn.DE,2014-07-09,Healthcare
902.0,0.499507337808609,0.0,BAYGn.DE,2014-07-10,Healthcare
903.0,0.4998972415924072,1.0,BAYGn.DE,2014-07-11,Healthcare
904.0,0.5018435120582581,0.0,BAYGn.DE,2014-07-14,Healthcare
905.0,0.5016871094703674,0.0,BAYGn.DE,2014-07-15,Healthcare
906.0,0.5025439858436584,0.0,BAYGn.DE,2014-07-16,Healthcare
907.0,0.5019215941429138,0.0,BAYGn.DE,2014-07-17,Healthcare
908.0,0.5006340146064758,1.0,BAYGn.DE,2014-07-18,Healthcare
909.0,0.4994715452194214,0.0,BAYGn.DE,2014-07-21,Healthcare
910.0,0.4995661675930023,0.0,BAYGn.DE,2014-07-22,Healthcare
911.0,0.49864059686660767,1.0,BAYGn.DE,2014-07-23,Healthcare
912.0,0.49866777658462524,1.0,BAYGn.DE,2014-07-24,Healthcare
913.0,0.49951159954071045,0.0,BAYGn.DE,2014-07-25,Healthcare
914.0,0.49940481781959534,1.0,BAYGn.DE,2014-07-28,Healthcare
915.0,0.5003843307495117,0.0,BAYGn.DE,2014-07-29,Healthcare
916.0,0.49991944432258606,1.0,BAYGn.DE,2014-07-30,Healthcare
917.0,0.5000730156898499,0.0,BAYGn.DE,2014-07-31,Healthcare
918.0,0.499357670545578,0.0,BAYGn.DE,2014-08-01,Healthcare
919.0,0.49971309304237366,0.0,BAYGn.DE,2014-08-04,Healthcare
920.0,0.5003904700279236,1.0,BAYGn.DE,2014-08-05,Healthcare
921.0,0.5011104345321655,1.0,BAYGn.DE,2014-08-06,Healthcare
922.0,0.500110924243927,1.0,BAYGn.DE,2014-08-07,Healthcare
923.0,0.5001921653747559,0.0,BAYGn.DE,2014-08-08,Healthcare
924.0,0.5004828572273254,1.0,BAYGn.DE,2014-08-11,Healthcare
925.0,0.5017924904823303,0.0,BAYGn.DE,2014-08-12,Healthcare
926.0,0.500923752784729,1.0,BAYGn.DE,2014-08-13,Healthcare
927.0,0.499186247587204,1.0,BAYGn.DE,2014-08-14,Healthcare
928.0,0.4981183409690857,0.0,BAYGn.DE,2014-08-15,Healthcare
929.0,0.49947527050971985,1.0,BAYGn.DE,2014-08-18,Healthcare
930.0,0.5002260804176331,1.0,BAYGn.DE,2014-08-19,Healthcare
931.0,0.5003039836883545,0.0,BAYGn.DE,2014-08-20,Healthcare
932.0,0.4999983012676239,1.0,BAYGn.DE,2014-08-21,Healthcare
933.0,0.5014671683311462,0.0,BAYGn.DE,2014-08-22,Healthcare
934.0,0.5011736750602722,1.0,BAYGn.DE,2014-08-25,Healthcare
935.0,0.5022836923599243,1.0,BAYGn.DE,2014-08-26,Healthcare
936.0,0.5029252767562866,0.0,BAYGn.DE,2014-08-27,Healthcare
937.0,0.5015844106674194,1.0,BAYGn.DE,2014-08-28,Healthcare
938.0,0.5026301145553589,1.0,BAYGn.DE,2014-08-29,Healthcare
939.0,0.504269003868103,1.0,BAYGn.DE,2014-09-01,Healthcare
940.0,0.5041190981864929,0.0,BAYGn.DE,2014-09-02,Healthcare
941.0,0.504479169845581,1.0,BAYGn.DE,2014-09-03,Healthcare
942.0,0.50335693359375,1.0,BAYGn.DE,2014-09-04,Healthcare
943.0,0.5044993162155151,0.0,BAYGn.DE,2014-09-05,Healthcare
944.0,0.5054017901420593,0.0,BAYGn.DE,2014-09-08,Healthcare
945.0,0.5041276812553406,1.0,BAYGn.DE,2014-09-09,Healthcare
946.0,0.5028245449066162,1.0,BAYGn.DE,2014-09-10,Healthcare
947.0,0.5026437640190125,1.0,BAYGn.DE,2014-09-11,Healthcare
948.0,0.5026623606681824,1.0,BAYGn.DE,2014-09-12,Healthcare
949.0,0.5022756457328796,1.0,BAYGn.DE,2014-09-15,Healthcare
950.0,0.503088653087616,0.0,BAYGn.DE,2014-09-16,Healthcare
951.0,0.5038871169090271,0.0,BAYGn.DE,2014-09-17,Healthcare
952.0,0.5034851431846619,1.0,BAYGn.DE,2014-09-18,Healthcare
953.0,0.5027807950973511,0.0,BAYGn.DE,2014-09-19,Healthcare
954.0,0.5018954277038574,1.0,BAYGn.DE,2014-09-22,Healthcare
955.0,0.5014407634735107,1.0,BAYGn.DE,2014-09-23,Healthcare
956.0,0.5015177130699158,1.0,BAYGn.DE,2014-09-24,Healthcare
957.0,0.5010952353477478,0.0,BAYGn.DE,2014-09-25,Healthcare
958.0,0.5010150074958801,0.0,BAYGn.DE,2014-09-26,Healthcare
959.0,0.5004340410232544,0.0,BAYGn.DE,2014-09-29,Healthcare
960.0,0.5001564025878906,1.0,BAYGn.DE,2014-09-30,Healthcare
961.0,0.5052803158760071,1.0,BAYGn.DE,2014-10-01,Healthcare
962.0,0.5056700706481934,0.0,BAYGn.DE,2014-10-02,Healthcare
963.0,0.5053830146789551,1.0,BAYGn.DE,2014-10-06,Healthcare
964.0,0.5035146474838257,0.0,BAYGn.DE,2014-10-07,Healthcare
965.0,0.5032435059547424,1.0,BAYGn.DE,2014-10-08,Healthcare
966.0,0.5016208291053772,1.0,BAYGn.DE,2014-10-09,Healthcare
967.0,0.5007298588752747,0.0,BAYGn.DE,2014-10-10,Healthcare
968.0,0.49986931681632996,1.0,BAYGn.DE,2014-10-13,Healthcare
969.0,0.5008135437965393,0.0,BAYGn.DE,2014-10-14,Healthcare
970.0,0.5008935928344727,0.0,BAYGn.DE,2014-10-15,Healthcare
971.0,0.4997440278530121,1.0,BAYGn.DE,2014-10-16,Healthcare
972.0,0.4995555281639099,1.0,BAYGn.DE,2014-10-17,Healthcare
973.0,0.49867334961891174,0.0,BAYGn.DE,2014-10-20,Healthcare
974.0,0.498134046792984,0.0,BAYGn.DE,2014-10-21,Healthcare
975.0,0.49859824776649475,1.0,BAYGn.DE,2014-10-22,Healthcare
976.0,0.49811479449272156,1.0,BAYGn.DE,2014-10-23,Healthcare
977.0,0.49831992387771606,0.0,BAYGn.DE,2014-10-24,Healthcare
978.0,0.49869245290756226,1.0,BAYGn.DE,2014-10-27,Healthcare
979.0,0.49791356921195984,1.0,BAYGn.DE,2014-10-28,Healthcare
980.0,0.49935445189476013,0.0,BAYGn.DE,2014-10-29,Healthcare
981.0,0.5029210448265076,1.0,BAYGn.DE,2014-10-30,Healthcare
982.0,0.5028568506240845,1.0,BAYGn.DE,2014-10-31,Healthcare
983.0,0.5039598941802979,0.0,BAYGn.DE,2014-11-03,Healthcare
984.0,0.5048730373382568,1.0,BAYGn.DE,2014-11-04,Healthcare
985.0,0.5060253143310547,1.0,BAYGn.DE,2014-11-05,Healthcare
986.0,0.5050264000892639,0.0,BAYGn.DE,2014-11-06,Healthcare
987.0,0.5037530660629272,0.0,BAYGn.DE,2014-11-07,Healthcare
988.0,0.5048277974128723,0.0,BAYGn.DE,2014-11-10,Healthcare
989.0,0.5044189095497131,0.0,BAYGn.DE,2014-11-11,Healthcare
990.0,0.5060564875602722,0.0,BAYGn.DE,2014-11-12,Healthcare
991.0,0.5085206031799316,1.0,BAYGn.DE,2014-11-13,Healthcare
992.0,0.5072222352027893,0.0,BAYGn.DE,2014-11-14,Healthcare
993.0,0.505375325679779,1.0,BAYGn.DE,2014-11-17,Healthcare
994.0,0.505598783493042,1.0,BAYGn.DE,2014-11-18,Healthcare
995.0,0.5052785277366638,1.0,BAYGn.DE,2014-11-19,Healthcare
996.0,0.5030337572097778,0.0,BAYGn.DE,2014-11-20,Healthcare
997.0,0.5020231604576111,1.0,BAYGn.DE,2014-11-21,Healthcare
998.0,0.5013275146484375,0.0,BAYGn.DE,2014-11-24,Healthcare
999.0,0.4998311698436737,0.0,BAYGn.DE,2014-11-25,Healthcare
1000.0,0.5016090869903564,1.0,BEIG.DE,2013-11-28,Consumer Non-Cyclicals
1001.0,0.5013955235481262,0.0,BEIG.DE,2013-11-29,Consumer Non-Cyclicals
1002.0,0.5011380314826965,1.0,BEIG.DE,2013-12-02,Consumer Non-Cyclicals
1003.0,0.5012353658676147,0.0,BEIG.DE,2013-12-03,Consumer Non-Cyclicals
1004.0,0.5009065270423889,1.0,BEIG.DE,2013-12-04,Consumer Non-Cyclicals
1005.0,0.5001431703567505,1.0,BEIG.DE,2013-12-05,Consumer Non-Cyclicals
1006.0,0.5007739663124084,0.0,BEIG.DE,2013-12-06,Consumer Non-Cyclicals
1007.0,0.5000349879264832,1.0,BEIG.DE,2013-12-09,Consumer Non-Cyclicals
1008.0,0.49941039085388184,0.0,BEIG.DE,2013-12-10,Consumer Non-Cyclicals
1009.0,0.49937704205513,1.0,BEIG.DE,2013-12-11,Consumer Non-Cyclicals
1010.0,0.49997079372406006,0.0,BEIG.DE,2013-12-12,Consumer Non-Cyclicals
1011.0,0.5007373690605164,0.0,BEIG.DE,2013-12-13,Consumer Non-Cyclicals
1012.0,0.500243604183197,0.0,BEIG.DE,2013-12-16,Consumer Non-Cyclicals
1013.0,0.4998042583465576,0.0,BEIG.DE,2013-12-17,Consumer Non-Cyclicals
1014.0,0.4991321265697479,1.0,BEIG.DE,2013-12-18,Consumer Non-Cyclicals
1015.0,0.498762845993042,0.0,BEIG.DE,2013-12-19,Consumer Non-Cyclicals
1016.0,0.49941927194595337,0.0,BEIG.DE,2013-12-20,Consumer Non-Cyclicals
1017.0,0.4990007281303406,0.0,BEIG.DE,2013-12-23,Consumer Non-Cyclicals
1018.0,0.4999309480190277,0.0,BEIG.DE,2013-12-27,Consumer Non-Cyclicals
1019.0,0.5012611150741577,1.0,BEIG.DE,2013-12-30,Consumer Non-Cyclicals
1020.0,0.5012217164039612,1.0,BEIG.DE,2014-01-02,Consumer Non-Cyclicals
1021.0,0.5011793375015259,0.0,BEIG.DE,2014-01-03,Consumer Non-Cyclicals
1022.0,0.5011342763900757,0.0,BEIG.DE,2014-01-06,Consumer Non-Cyclicals
1023.0,0.5010887980461121,0.0,BEIG.DE,2014-01-07,Consumer Non-Cyclicals
1024.0,0.5010424852371216,0.0,BEIG.DE,2014-01-08,Consumer Non-Cyclicals
1025.0,0.5014222264289856,1.0,BEIG.DE,2014-01-09,Consumer Non-Cyclicals
1026.0,0.5014146566390991,0.0,BEIG.DE,2014-01-10,Consumer Non-Cyclicals
1027.0,0.5012635588645935,1.0,BEIG.DE,2014-01-13,Consumer Non-Cyclicals
1028.0,0.501072883605957,1.0,BEIG.DE,2014-01-14,Consumer Non-Cyclicals
1029.0,0.5004007816314697,1.0,BEIG.DE,2014-01-15,Consumer Non-Cyclicals
1030.0,0.5004664659500122,1.0,BEIG.DE,2014-01-16,Consumer Non-Cyclicals
1031.0,0.5001690983772278,0.0,BEIG.DE,2014-01-17,Consumer Non-Cyclicals
1032.0,0.5002293586730957,0.0,BEIG.DE,2014-01-20,Consumer Non-Cyclicals
1033.0,0.4996912181377411,1.0,BEIG.DE,2014-01-21,Consumer Non-Cyclicals
1034.0,0.4996337294578552,1.0,BEIG.DE,2014-01-22,Consumer Non-Cyclicals
1035.0,0.5000104308128357,1.0,BEIG.DE,2014-01-23,Consumer Non-Cyclicals
1036.0,0.5004458427429199,1.0,BEIG.DE,2014-01-24,Consumer Non-Cyclicals
1037.0,0.501105546951294,0.0,BEIG.DE,2014-01-27,Consumer Non-Cyclicals
1038.0,0.5024847388267517,0.0,BEIG.DE,2014-01-28,Consumer Non-Cyclicals
1039.0,0.5039300322532654,0.0,BEIG.DE,2014-01-29,Consumer Non-Cyclicals
1040.0,0.5038739442825317,0.0,BEIG.DE,2014-01-30,Consumer Non-Cyclicals
1041.0,0.5023961663246155,1.0,BEIG.DE,2014-01-31,Consumer Non-Cyclicals
1042.0,0.5024121999740601,1.0,BEIG.DE,2014-02-03,Consumer Non-Cyclicals
1043.0,0.5019868612289429,0.0,BEIG.DE,2014-02-04,Consumer Non-Cyclicals
1044.0,0.5015288591384888,1.0,BEIG.DE,2014-02-05,Consumer Non-Cyclicals
1045.0,0.4999876916408539,0.0,BEIG.DE,2014-02-06,Consumer Non-Cyclicals
1046.0,0.49885985255241394,0.0,BEIG.DE,2014-02-07,Consumer Non-Cyclicals
1047.0,0.49833205342292786,1.0,BEIG.DE,2014-02-10,Consumer Non-Cyclicals
1048.0,0.4977499842643738,0.0,BEIG.DE,2014-02-11,Consumer Non-Cyclicals
1049.0,0.4974256753921509,0.0,BEIG.DE,2014-02-12,Consumer Non-Cyclicals
1050.0,0.4978514015674591,0.0,BEIG.DE,2014-02-13,Consumer Non-Cyclicals
1051.0,0.49861007928848267,0.0,BEIG.DE,2014-02-14,Consumer Non-Cyclicals
1052.0,0.4983319938182831,0.0,BEIG.DE,2014-02-17,Consumer Non-Cyclicals
1053.0,0.49872371554374695,1.0,BEIG.DE,2014-02-18,Consumer Non-Cyclicals
1054.0,0.49995505809783936,0.0,BEIG.DE,2014-02-19,Consumer Non-Cyclicals
1055.0,0.5000485181808472,0.0,BEIG.DE,2014-02-20,Consumer Non-Cyclicals
1056.0,0.5005099773406982,0.0,BEIG.DE,2014-02-21,Consumer Non-Cyclicals
1057.0,0.5017895102500916,1.0,BEIG.DE,2014-02-24,Consumer Non-Cyclicals
1058.0,0.5012224316596985,1.0,BEIG.DE,2014-02-25,Consumer Non-Cyclicals
1059.0,0.5008109211921692,1.0,BEIG.DE,2014-02-26,Consumer Non-Cyclicals
1060.0,0.5010459423065186,0.0,BEIG.DE,2014-02-27,Consumer Non-Cyclicals
1061.0,0.5009592771530151,0.0,BEIG.DE,2014-02-28,Consumer Non-Cyclicals
1062.0,0.5008023381233215,1.0,BEIG.DE,2014-03-03,Consumer Non-Cyclicals
1063.0,0.5005995631217957,0.0,BEIG.DE,2014-03-04,Consumer Non-Cyclicals
1064.0,0.5000143051147461,0.0,BEIG.DE,2014-03-05,Consumer Non-Cyclicals
1065.0,0.49936944246292114,0.0,BEIG.DE,2014-03-06,Consumer Non-Cyclicals
1066.0,0.4998926520347595,1.0,BEIG.DE,2014-03-07,Consumer Non-Cyclicals
1067.0,0.5012145042419434,1.0,BEIG.DE,2014-03-10,Consumer Non-Cyclicals
1068.0,0.5015138387680054,0.0,BEIG.DE,2014-03-11,Consumer Non-Cyclicals
1069.0,0.4991028606891632,1.0,BEIG.DE,2014-03-12,Consumer Non-Cyclicals
1070.0,0.49997612833976746,1.0,BEIG.DE,2014-03-13,Consumer Non-Cyclicals
1071.0,0.4990961253643036,1.0,BEIG.DE,2014-03-14,Consumer Non-Cyclicals
1072.0,0.49900856614112854,0.0,BEIG.DE,2014-03-17,Consumer Non-Cyclicals
1073.0,0.49858394265174866,1.0,BEIG.DE,2014-03-18,Consumer Non-Cyclicals
1074.0,0.4984228014945984,0.0,BEIG.DE,2014-03-19,Consumer Non-Cyclicals
1075.0,0.49829378724098206,0.0,BEIG.DE,2014-03-20,Consumer Non-Cyclicals
1076.0,0.4981161952018738,0.0,BEIG.DE,2014-03-21,Consumer Non-Cyclicals
1077.0,0.4977017641067505,1.0,BEIG.DE,2014-03-24,Consumer Non-Cyclicals
1078.0,0.49861958622932434,0.0,BEIG.DE,2014-03-25,Consumer Non-Cyclicals
1079.0,0.49993690848350525,0.0,BEIG.DE,2014-03-26,Consumer Non-Cyclicals
1080.0,0.5014891624450684,1.0,BEIG.DE,2014-03-27,Consumer Non-Cyclicals
1081.0,0.5019294023513794,1.0,BEIG.DE,2014-03-28,Consumer Non-Cyclicals
1082.0,0.5015161037445068,0.0,BEIG.DE,2014-03-31,Consumer Non-Cyclicals
1083.0,0.501151442527771,1.0,BEIG.DE,2014-04-01,Consumer Non-Cyclicals
1084.0,0.5004522800445557,0.0,BEIG.DE,2014-04-02,Consumer Non-Cyclicals
1085.0,0.5007389187812805,1.0,BEIG.DE,2014-04-03,Consumer Non-Cyclicals
1086.0,0.5015321969985962,0.0,BEIG.DE,2014-04-04,Consumer Non-Cyclicals
1087.0,0.5019170641899109,1.0,BEIG.DE,2014-04-07,Consumer Non-Cyclicals
1088.0,0.5030435919761658,0.0,BEIG.DE,2014-04-08,Consumer Non-Cyclicals
1089.0,0.5024730563163757,1.0,BEIG.DE,2014-04-09,Consumer Non-Cyclicals
1090.0,0.5019003748893738,1.0,BEIG.DE,2014-04-10,Consumer Non-Cyclicals
1091.0,0.5014320611953735,1.0,BEIG.DE,2014-04-11,Consumer Non-Cyclicals
1092.0,0.5010305047035217,1.0,BEIG.DE,2014-04-14,Consumer Non-Cyclicals
1093.0,0.5001499652862549,1.0,BEIG.DE,2014-04-15,Consumer Non-Cyclicals
1094.0,0.49885186553001404,0.0,BEIG.DE,2014-04-16,Consumer Non-Cyclicals
1095.0,0.49971136450767517,0.0,BEIG.DE,2014-04-17,Consumer Non-Cyclicals
1096.0,0.5003076791763306,0.0,BEIG.DE,2014-04-22,Consumer Non-Cyclicals
1097.0,0.49983784556388855,1.0,BEIG.DE,2014-04-23,Consumer Non-Cyclicals
1098.0,0.5001885890960693,0.0,BEIG.DE,2014-04-24,Consumer Non-Cyclicals
1099.0,0.500357449054718,1.0,BEIG.DE,2014-04-25,Consumer Non-Cyclicals
1100.0,0.5010624527931213,0.0,BEIG.DE,2014-04-28,Consumer Non-Cyclicals
1101.0,0.5013054609298706,0.0,BEIG.DE,2014-04-29,Consumer Non-Cyclicals
1102.0,0.5013389587402344,1.0,BEIG.DE,2014-04-30,Consumer Non-Cyclicals
1103.0,0.501282811164856,1.0,BEIG.DE,2014-05-02,Consumer Non-Cyclicals
1104.0,0.5025594234466553,1.0,BEIG.DE,2014-05-05,Consumer Non-Cyclicals
1105.0,0.5024030804634094,1.0,BEIG.DE,2014-05-06,Consumer Non-Cyclicals
1106.0,0.5018354058265686,1.0,BEIG.DE,2014-05-07,Consumer Non-Cyclicals
1107.0,0.5010852217674255,0.0,BEIG.DE,2014-05-08,Consumer Non-Cyclicals
1108.0,0.5006541013717651,0.0,BEIG.DE,2014-05-09,Consumer Non-Cyclicals
1109.0,0.5009884834289551,1.0,BEIG.DE,2014-05-12,Consumer Non-Cyclicals
1110.0,0.5018134117126465,0.0,BEIG.DE,2014-05-13,Consumer Non-Cyclicals
1111.0,0.5026820302009583,1.0,BEIG.DE,2014-05-14,Consumer Non-Cyclicals
1112.0,0.5021120309829712,1.0,BEIG.DE,2014-05-15,Consumer Non-Cyclicals
1113.0,0.5016695857048035,1.0,BEIG.DE,2014-05-16,Consumer Non-Cyclicals
1114.0,0.5015547871589661,0.0,BEIG.DE,2014-05-19,Consumer Non-Cyclicals
1115.0,0.5015776753425598,1.0,BEIG.DE,2014-05-20,Consumer Non-Cyclicals
1116.0,0.5012983083724976,0.0,BEIG.DE,2014-05-21,Consumer Non-Cyclicals
1117.0,0.5007402300834656,0.0,BEIG.DE,2014-05-22,Consumer Non-Cyclicals
1118.0,0.501624345779419,0.0,BEIG.DE,2014-05-23,Consumer Non-Cyclicals
1119.0,0.5013962388038635,0.0,BEIG.DE,2014-05-26,Consumer Non-Cyclicals
1120.0,0.5012467503547668,0.0,BEIG.DE,2014-05-27,Consumer Non-Cyclicals
1121.0,0.5012452006340027,0.0,BEIG.DE,2014-05-28,Consumer Non-Cyclicals
1122.0,0.5009644627571106,1.0,BEIG.DE,2014-05-29,Consumer Non-Cyclicals
1123.0,0.5006016492843628,0.0,BEIG.DE,2014-05-30,Consumer Non-Cyclicals
1124.0,0.5002120733261108,0.0,BEIG.DE,2014-06-02,Consumer Non-Cyclicals
1125.0,0.5000101923942566,1.0,BEIG.DE,2014-06-03,Consumer Non-Cyclicals
1126.0,0.4996490180492401,0.0,BEIG.DE,2014-06-04,Consumer Non-Cyclicals
1127.0,0.49901553988456726,0.0,BEIG.DE,2014-06-05,Consumer Non-Cyclicals
1128.0,0.499555379152298,0.0,BEIG.DE,2014-06-06,Consumer Non-Cyclicals
1129.0,0.5001289248466492,1.0,BEIG.DE,2014-06-09,Consumer Non-Cyclicals
1130.0,0.5001811385154724,1.0,BEIG.DE,2014-06-10,Consumer Non-Cyclicals
1131.0,0.5005905032157898,1.0,BEIG.DE,2014-06-11,Consumer Non-Cyclicals
1132.0,0.5004718899726868,1.0,BEIG.DE,2014-06-12,Consumer Non-Cyclicals
1133.0,0.5002647638320923,0.0,BEIG.DE,2014-06-13,Consumer Non-Cyclicals
1134.0,0.4998929500579834,0.0,BEIG.DE,2014-06-16,Consumer Non-Cyclicals
1135.0,0.49995988607406616,1.0,BEIG.DE,2014-06-17,Consumer Non-Cyclicals
1136.0,0.49936193227767944,0.0,BEIG.DE,2014-06-18,Consumer Non-Cyclicals
1137.0,0.4988258481025696,0.0,BEIG.DE,2014-06-19,Consumer Non-Cyclicals
1138.0,0.4991912543773651,1.0,BEIG.DE,2014-06-20,Consumer Non-Cyclicals
1139.0,0.49975112080574036,1.0,BEIG.DE,2014-06-23,Consumer Non-Cyclicals
1140.0,0.49993208050727844,1.0,BEIG.DE,2014-06-24,Consumer Non-Cyclicals
1141.0,0.4999862015247345,0.0,BEIG.DE,2014-06-25,Consumer Non-Cyclicals
1142.0,0.4996809959411621,0.0,BEIG.DE,2014-06-26,Consumer Non-Cyclicals
1143.0,0.4988977909088135,0.0,BEIG.DE,2014-06-27,Consumer Non-Cyclicals
1144.0,0.49919113516807556,1.0,BEIG.DE,2014-06-30,Consumer Non-Cyclicals
1145.0,0.49890172481536865,0.0,BEIG.DE,2014-07-01,Consumer Non-Cyclicals
1146.0,0.49896690249443054,0.0,BEIG.DE,2014-07-02,Consumer Non-Cyclicals
1147.0,0.4993745982646942,1.0,BEIG.DE,2014-07-03,Consumer Non-Cyclicals
1148.0,0.49938076734542847,0.0,BEIG.DE,2014-07-04,Consumer Non-Cyclicals
1149.0,0.49998924136161804,1.0,BEIG.DE,2014-07-07,Consumer Non-Cyclicals
1150.0,0.4995482861995697,0.0,BEIG.DE,2014-07-08,Consumer Non-Cyclicals
1151.0,0.498609721660614,1.0,BEIG.DE,2014-07-09,Consumer Non-Cyclicals
1152.0,0.498636931180954,1.0,BEIG.DE,2014-07-10,Consumer Non-Cyclicals
1153.0,0.49921083450317383,0.0,BEIG.DE,2014-07-11,Consumer Non-Cyclicals
1154.0,0.4994831383228302,1.0,BEIG.DE,2014-07-14,Consumer Non-Cyclicals
1155.0,0.4998782277107239,0.0,BEIG.DE,2014-07-15,Consumer Non-Cyclicals
1156.0,0.5013249516487122,0.0,BEIG.DE,2014-07-16,Consumer Non-Cyclicals
1157.0,0.5010157227516174,1.0,BEIG.DE,2014-07-17,Consumer Non-Cyclicals
1158.0,0.5003287196159363,0.0,BEIG.DE,2014-07-18,Consumer Non-Cyclicals
1159.0,0.49929580092430115,1.0,BEIG.DE,2014-07-21,Consumer Non-Cyclicals
1160.0,0.49920639395713806,0.0,BEIG.DE,2014-07-22,Consumer Non-Cyclicals
1161.0,0.4988650679588318,1.0,BEIG.DE,2014-07-23,Consumer Non-Cyclicals
1162.0,0.49880078434944153,0.0,BEIG.DE,2014-07-24,Consumer Non-Cyclicals
1163.0,0.4998653531074524,1.0,BEIG.DE,2014-07-25,Consumer Non-Cyclicals
1164.0,0.499530553817749,1.0,BEIG.DE,2014-07-28,Consumer Non-Cyclicals
1165.0,0.50010746717453,0.0,BEIG.DE,2014-07-29,Consumer Non-Cyclicals
1166.0,0.4999525547027588,1.0,BEIG.DE,2014-07-30,Consumer Non-Cyclicals
1167.0,0.4993079602718353,1.0,BEIG.DE,2014-07-31,Consumer Non-Cyclicals
1168.0,0.4989854693412781,1.0,BEIG.DE,2014-08-01,Consumer Non-Cyclicals
1169.0,0.49890002608299255,0.0,BEIG.DE,2014-08-04,Consumer Non-Cyclicals
1170.0,0.4995786249637604,1.0,BEIG.DE,2014-08-05,Consumer Non-Cyclicals
1171.0,0.5000823140144348,1.0,BEIG.DE,2014-08-06,Consumer Non-Cyclicals
1172.0,0.5002273917198181,0.0,BEIG.DE,2014-08-07,Consumer Non-Cyclicals
1173.0,0.5010164976119995,0.0,BEIG.DE,2014-08-08,Consumer Non-Cyclicals
1174.0,0.50112384557724,1.0,BEIG.DE,2014-08-11,Consumer Non-Cyclicals
1175.0,0.5011101961135864,1.0,BEIG.DE,2014-08-12,Consumer Non-Cyclicals
1176.0,0.5002163052558899,0.0,BEIG.DE,2014-08-13,Consumer Non-Cyclicals
1177.0,0.4993302524089813,1.0,BEIG.DE,2014-08-14,Consumer Non-Cyclicals
1178.0,0.49869829416275024,0.0,BEIG.DE,2014-08-15,Consumer Non-Cyclicals
1179.0,0.4993012547492981,0.0,BEIG.DE,2014-08-18,Consumer Non-Cyclicals
1180.0,0.4999181628227234,0.0,BEIG.DE,2014-08-19,Consumer Non-Cyclicals
1181.0,0.49921679496765137,0.0,BEIG.DE,2014-08-20,Consumer Non-Cyclicals
1182.0,0.4980282187461853,0.0,BEIG.DE,2014-08-21,Consumer Non-Cyclicals
1183.0,0.4994061291217804,0.0,BEIG.DE,2014-08-22,Consumer Non-Cyclicals
1184.0,0.4996680021286011,0.0,BEIG.DE,2014-08-25,Consumer Non-Cyclicals
1185.0,0.5005752444267273,0.0,BEIG.DE,2014-08-26,Consumer Non-Cyclicals
1186.0,0.5015785098075867,1.0,BEIG.DE,2014-08-27,Consumer Non-Cyclicals
1187.0,0.5008916258811951,1.0,BEIG.DE,2014-08-28,Consumer Non-Cyclicals
1188.0,0.5018084049224854,0.0,BEIG.DE,2014-08-29,Consumer Non-Cyclicals
1189.0,0.5026165246963501,0.0,BEIG.DE,2014-09-01,Consumer Non-Cyclicals
1190.0,0.5021935105323792,1.0,BEIG.DE,2014-09-02,Consumer Non-Cyclicals
1191.0,0.5019783973693848,1.0,BEIG.DE,2014-09-03,Consumer Non-Cyclicals
1192.0,0.5013511180877686,1.0,BEIG.DE,2014-09-04,Consumer Non-Cyclicals
1193.0,0.5018907189369202,0.0,BEIG.DE,2014-09-05,Consumer Non-Cyclicals
1194.0,0.5023752450942993,0.0,BEIG.DE,2014-09-08,Consumer Non-Cyclicals
1195.0,0.5022873282432556,0.0,BEIG.DE,2014-09-09,Consumer Non-Cyclicals
1196.0,0.5016460418701172,0.0,BEIG.DE,2014-09-10,Consumer Non-Cyclicals
1197.0,0.5009196400642395,0.0,BEIG.DE,2014-09-11,Consumer Non-Cyclicals
1198.0,0.5006232261657715,1.0,BEIG.DE,2014-09-12,Consumer Non-Cyclicals
1199.0,0.500628650188446,1.0,BEIG.DE,2014-09-15,Consumer Non-Cyclicals
1200.0,0.5021244883537292,1.0,BEIG.DE,2014-09-16,Consumer Non-Cyclicals
1201.0,0.5035056471824646,0.0,BEIG.DE,2014-09-17,Consumer Non-Cyclicals
1202.0,0.5028316974639893,0.0,BEIG.DE,2014-09-18,Consumer Non-Cyclicals
1203.0,0.501966655254364,1.0,BEIG.DE,2014-09-19,Consumer Non-Cyclicals
1204.0,0.5002580285072327,1.0,BEIG.DE,2014-09-22,Consumer Non-Cyclicals
1205.0,0.499061644077301,1.0,BEIG.DE,2014-09-23,Consumer Non-Cyclicals
1206.0,0.4985118806362152,1.0,BEIG.DE,2014-09-24,Consumer Non-Cyclicals
1207.0,0.4985729455947876,1.0,BEIG.DE,2014-09-25,Consumer Non-Cyclicals
1208.0,0.49885767698287964,0.0,BEIG.DE,2014-09-26,Consumer Non-Cyclicals
1209.0,0.49938666820526123,1.0,BEIG.DE,2014-09-29,Consumer Non-Cyclicals
1210.0,0.4994838833808899,0.0,BEIG.DE,2014-09-30,Consumer Non-Cyclicals
1211.0,0.49906834959983826,1.0,BEIG.DE,2014-10-01,Consumer Non-Cyclicals
1212.0,0.4997633397579193,1.0,BEIG.DE,2014-10-02,Consumer Non-Cyclicals
1213.0,0.4997222423553467,0.0,BEIG.DE,2014-10-06,Consumer Non-Cyclicals
1214.0,0.4994150996208191,1.0,BEIG.DE,2014-10-07,Consumer Non-Cyclicals
1215.0,0.5003300309181213,1.0,BEIG.DE,2014-10-08,Consumer Non-Cyclicals
1216.0,0.500417172908783,0.0,BEIG.DE,2014-10-09,Consumer Non-Cyclicals
1217.0,0.5004538893699646,1.0,BEIG.DE,2014-10-10,Consumer Non-Cyclicals
1218.0,0.5002737641334534,0.0,BEIG.DE,2014-10-13,Consumer Non-Cyclicals
1219.0,0.500136137008667,0.0,BEIG.DE,2014-10-14,Consumer Non-Cyclicals
1220.0,0.49960556626319885,1.0,BEIG.DE,2014-10-15,Consumer Non-Cyclicals
1221.0,0.4989442825317383,0.0,BEIG.DE,2014-10-16,Consumer Non-Cyclicals
1222.0,0.4990244209766388,0.0,BEIG.DE,2014-10-17,Consumer Non-Cyclicals
1223.0,0.49875664710998535,1.0,BEIG.DE,2014-10-20,Consumer Non-Cyclicals
1224.0,0.49903756380081177,0.0,BEIG.DE,2014-10-21,Consumer Non-Cyclicals
1225.0,0.49926361441612244,1.0,BEIG.DE,2014-10-22,Consumer Non-Cyclicals
1226.0,0.49902838468551636,0.0,BEIG.DE,2014-10-23,Consumer Non-Cyclicals
1227.0,0.49837303161621094,0.0,BEIG.DE,2014-10-24,Consumer Non-Cyclicals
1228.0,0.4976491630077362,1.0,BEIG.DE,2014-10-27,Consumer Non-Cyclicals
1229.0,0.4973677694797516,0.0,BEIG.DE,2014-10-28,Consumer Non-Cyclicals
1230.0,0.4973771274089813,1.0,BEIG.DE,2014-10-29,Consumer Non-Cyclicals
1231.0,0.4988273084163666,0.0,BEIG.DE,2014-10-30,Consumer Non-Cyclicals
1232.0,0.49938440322875977,0.0,BEIG.DE,2014-10-31,Consumer Non-Cyclicals
1233.0,0.5003352165222168,0.0,BEIG.DE,2014-11-03,Consumer Non-Cyclicals
1234.0,0.5015246272087097,0.0,BEIG.DE,2014-11-04,Consumer Non-Cyclicals
1235.0,0.5019263029098511,1.0,BEIG.DE,2014-11-05,Consumer Non-Cyclicals
1236.0,0.5010379552841187,1.0,BEIG.DE,2014-11-06,Consumer Non-Cyclicals
1237.0,0.5006164908409119,0.0,BEIG.DE,2014-11-07,Consumer Non-Cyclicals
1238.0,0.5012635588645935,0.0,BEIG.DE,2014-11-10,Consumer Non-Cyclicals
1239.0,0.5019993782043457,0.0,BEIG.DE,2014-11-11,Consumer Non-Cyclicals
1240.0,0.5021001100540161,1.0,BEIG.DE,2014-11-12,Consumer Non-Cyclicals
1241.0,0.5025411248207092,1.0,BEIG.DE,2014-11-13,Consumer Non-Cyclicals
1242.0,0.5015535354614258,0.0,BEIG.DE,2014-11-14,Consumer Non-Cyclicals
1243.0,0.5002978444099426,0.0,BEIG.DE,2014-11-17,Consumer Non-Cyclicals
1244.0,0.5010364651679993,0.0,BEIG.DE,2014-11-18,Consumer Non-Cyclicals
1245.0,0.5067276954650879,0.0,BEIG.DE,2014-11-19,Consumer Non-Cyclicals
1246.0,0.506317675113678,1.0,BEIG.DE,2014-11-20,Consumer Non-Cyclicals
1247.0,0.5058985948562622,0.0,BEIG.DE,2014-11-21,Consumer Non-Cyclicals
1248.0,0.5049188733100891,0.0,BEIG.DE,2014-11-24,Consumer Non-Cyclicals
1249.0,0.5038195252418518,0.0,BEIG.DE,2014-11-25,Consumer Non-Cyclicals
1250.0,0.5003880262374878,0.0,BMWG.DE,2013-11-28,Consumer Cyclicals
1251.0,0.5020388960838318,0.0,BMWG.DE,2013-11-29,Consumer Cyclicals
1252.0,0.5022290945053101,1.0,BMWG.DE,2013-12-02,Consumer Cyclicals
1253.0,0.502270519733429,1.0,BMWG.DE,2013-12-03,Consumer Cyclicals
1254.0,0.5018832087516785,0.0,BMWG.DE,2013-12-04,Consumer Cyclicals
1255.0,0.5021201372146606,0.0,BMWG.DE,2013-12-05,Consumer Cyclicals
1256.0,0.5017176270484924,0.0,BMWG.DE,2013-12-06,Consumer Cyclicals
1257.0,0.4999770224094391,0.0,BMWG.DE,2013-12-09,Consumer Cyclicals
1258.0,0.49880659580230713,0.0,BMWG.DE,2013-12-10,Consumer Cyclicals
1259.0,0.4978961646556854,0.0,BMWG.DE,2013-12-11,Consumer Cyclicals
1260.0,0.49823349714279175,0.0,BMWG.DE,2013-12-12,Consumer Cyclicals
1261.0,0.49866029620170593,1.0,BMWG.DE,2013-12-13,Consumer Cyclicals
1262.0,0.49834373593330383,1.0,BMWG.DE,2013-12-16,Consumer Cyclicals
1263.0,0.49812668561935425,1.0,BMWG.DE,2013-12-17,Consumer Cyclicals
1264.0,0.49780625104904175,1.0,BMWG.DE,2013-12-18,Consumer Cyclicals
1265.0,0.498022198677063,1.0,BMWG.DE,2013-12-19,Consumer Cyclicals
1266.0,0.49943265318870544,1.0,BMWG.DE,2013-12-20,Consumer Cyclicals
1267.0,0.4997577369213104,0.0,BMWG.DE,2013-12-23,Consumer Cyclicals
1268.0,0.5016031265258789,0.0,BMWG.DE,2013-12-27,Consumer Cyclicals
1269.0,0.5032805800437927,0.0,BMWG.DE,2013-12-30,Consumer Cyclicals
1270.0,0.5039647221565247,0.0,BMWG.DE,2014-01-02,Consumer Cyclicals
1271.0,0.5041458606719971,0.0,BMWG.DE,2014-01-03,Consumer Cyclicals
1272.0,0.5040920376777649,0.0,BMWG.DE,2014-01-06,Consumer Cyclicals
1273.0,0.5039369463920593,1.0,BMWG.DE,2014-01-07,Consumer Cyclicals
1274.0,0.5037460327148438,1.0,BMWG.DE,2014-01-08,Consumer Cyclicals
1275.0,0.5038480162620544,1.0,BMWG.DE,2014-01-09,Consumer Cyclicals
1276.0,0.5030009150505066,0.0,BMWG.DE,2014-01-10,Consumer Cyclicals
1277.0,0.5020031929016113,1.0,BMWG.DE,2014-01-13,Consumer Cyclicals
1278.0,0.5010971426963806,0.0,BMWG.DE,2014-01-14,Consumer Cyclicals
1279.0,0.49941486120224,0.0,BMWG.DE,2014-01-15,Consumer Cyclicals
1280.0,0.4990834891796112,1.0,BMWG.DE,2014-01-16,Consumer Cyclicals
1281.0,0.4984220266342163,1.0,BMWG.DE,2014-01-17,Consumer Cyclicals
1282.0,0.49875062704086304,1.0,BMWG.DE,2014-01-20,Consumer Cyclicals
1283.0,0.4998035430908203,0.0,BMWG.DE,2014-01-21,Consumer Cyclicals
1284.0,0.4997805953025818,0.0,BMWG.DE,2014-01-22,Consumer Cyclicals
1285.0,0.49927711486816406,0.0,BMWG.DE,2014-01-23,Consumer Cyclicals
1286.0,0.5000122785568237,0.0,BMWG.DE,2014-01-24,Consumer Cyclicals
1287.0,0.500286340713501,0.0,BMWG.DE,2014-01-27,Consumer Cyclicals
1288.0,0.5010872483253479,1.0,BMWG.DE,2014-01-28,Consumer Cyclicals
1289.0,0.5016890168190002,0.0,BMWG.DE,2014-01-29,Consumer Cyclicals
1290.0,0.5022752285003662,0.0,BMWG.DE,2014-01-30,Consumer Cyclicals
1291.0,0.502050518989563,1.0,BMWG.DE,2014-01-31,Consumer Cyclicals
1292.0,0.5014896392822266,1.0,BMWG.DE,2014-02-03,Consumer Cyclicals
1293.0,0.50089430809021,1.0,BMWG.DE,2014-02-04,Consumer Cyclicals
1294.0,0.4997626841068268,0.0,BMWG.DE,2014-02-05,Consumer Cyclicals
1295.0,0.49799075722694397,1.0,BMWG.DE,2014-02-06,Consumer Cyclicals
1296.0,0.4966505467891693,0.0,BMWG.DE,2014-02-07,Consumer Cyclicals
1297.0,0.4972538948059082,1.0,BMWG.DE,2014-02-10,Consumer Cyclicals
1298.0,0.49760401248931885,1.0,BMWG.DE,2014-02-11,Consumer Cyclicals
1299.0,0.4981234669685364,1.0,BMWG.DE,2014-02-12,Consumer Cyclicals
1300.0,0.49869075417518616,1.0,BMWG.DE,2014-02-13,Consumer Cyclicals
1301.0,0.49862366914749146,0.0,BMWG.DE,2014-02-14,Consumer Cyclicals
1302.0,0.49911439418792725,0.0,BMWG.DE,2014-02-17,Consumer Cyclicals
1303.0,0.4992406666278839,0.0,BMWG.DE,2014-02-18,Consumer Cyclicals
1304.0,0.5009523034095764,1.0,BMWG.DE,2014-02-19,Consumer Cyclicals
1305.0,0.501872718334198,0.0,BMWG.DE,2014-02-20,Consumer Cyclicals
1306.0,0.502223014831543,1.0,BMWG.DE,2014-02-21,Consumer Cyclicals
1307.0,0.5046185255050659,0.0,BMWG.DE,2014-02-24,Consumer Cyclicals
1308.0,0.5051866173744202,0.0,BMWG.DE,2014-02-25,Consumer Cyclicals
1309.0,0.5049912333488464,1.0,BMWG.DE,2014-02-26,Consumer Cyclicals
1310.0,0.5047595500946045,0.0,BMWG.DE,2014-02-27,Consumer Cyclicals
1311.0,0.5030455589294434,0.0,BMWG.DE,2014-02-28,Consumer Cyclicals
1312.0,0.5017513036727905,1.0,BMWG.DE,2014-03-03,Consumer Cyclicals
1313.0,0.5013431310653687,0.0,BMWG.DE,2014-03-04,Consumer Cyclicals
1314.0,0.5005641579627991,1.0,BMWG.DE,2014-03-05,Consumer Cyclicals
1315.0,0.5008493065834045,1.0,BMWG.DE,2014-03-06,Consumer Cyclicals
1316.0,0.5003562569618225,1.0,BMWG.DE,2014-03-07,Consumer Cyclicals
1317.0,0.4996478855609894,0.0,BMWG.DE,2014-03-10,Consumer Cyclicals
1318.0,0.4997000992298126,1.0,BMWG.DE,2014-03-11,Consumer Cyclicals
1319.0,0.4984652101993561,1.0,BMWG.DE,2014-03-12,Consumer Cyclicals
1320.0,0.49895918369293213,1.0,BMWG.DE,2014-03-13,Consumer Cyclicals
1321.0,0.49922043085098267,0.0,BMWG.DE,2014-03-14,Consumer Cyclicals
1322.0,0.4999971389770508,0.0,BMWG.DE,2014-03-17,Consumer Cyclicals
1323.0,0.4995597004890442,0.0,BMWG.DE,2014-03-18,Consumer Cyclicals
1324.0,0.49867501854896545,1.0,BMWG.DE,2014-03-19,Consumer Cyclicals
1325.0,0.49910715222358704,1.0,BMWG.DE,2014-03-20,Consumer Cyclicals
1326.0,0.4989011883735657,1.0,BMWG.DE,2014-03-21,Consumer Cyclicals
1327.0,0.4989902675151825,1.0,BMWG.DE,2014-03-24,Consumer Cyclicals
1328.0,0.498710960149765,1.0,BMWG.DE,2014-03-25,Consumer Cyclicals
1329.0,0.4995741546154022,1.0,BMWG.DE,2014-03-26,Consumer Cyclicals
1330.0,0.5006775856018066,1.0,BMWG.DE,2014-03-27,Consumer Cyclicals
1331.0,0.5074623823165894,0.0,BMWG.DE,2014-03-28,Consumer Cyclicals
1332.0,0.509082555770874,0.0,BMWG.DE,2014-03-31,Consumer Cyclicals
1333.0,0.5095362663269043,1.0,BMWG.DE,2014-04-01,Consumer Cyclicals
1334.0,0.5079684257507324,1.0,BMWG.DE,2014-04-02,Consumer Cyclicals
1335.0,0.5076485276222229,1.0,BMWG.DE,2014-04-03,Consumer Cyclicals
1336.0,0.507377028465271,1.0,BMWG.DE,2014-04-04,Consumer Cyclicals
1337.0,0.5066981315612793,0.0,BMWG.DE,2014-04-07,Consumer Cyclicals
1338.0,0.506222665309906,0.0,BMWG.DE,2014-04-08,Consumer Cyclicals
1339.0,0.5045133233070374,0.0,BMWG.DE,2014-04-09,Consumer Cyclicals
1340.0,0.5030584931373596,0.0,BMWG.DE,2014-04-10,Consumer Cyclicals
1341.0,0.5026257634162903,1.0,BMWG.DE,2014-04-11,Consumer Cyclicals
1342.0,0.5026190280914307,0.0,BMWG.DE,2014-04-14,Consumer Cyclicals
1343.0,0.5008640289306641,0.0,BMWG.DE,2014-04-15,Consumer Cyclicals
1344.0,0.4996884763240814,1.0,BMWG.DE,2014-04-16,Consumer Cyclicals
1345.0,0.4991472661495209,1.0,BMWG.DE,2014-04-17,Consumer Cyclicals
1346.0,0.4985489845275879,1.0,BMWG.DE,2014-04-22,Consumer Cyclicals
1347.0,0.4982689619064331,0.0,BMWG.DE,2014-04-23,Consumer Cyclicals
1348.0,0.4983313977718353,0.0,BMWG.DE,2014-04-24,Consumer Cyclicals
1349.0,0.49756768345832825,0.0,BMWG.DE,2014-04-25,Consumer Cyclicals
1350.0,0.4991867244243622,0.0,BMWG.DE,2014-04-28,Consumer Cyclicals
1351.0,0.5014238357543945,0.0,BMWG.DE,2014-04-29,Consumer Cyclicals
1352.0,0.50356525182724,0.0,BMWG.DE,2014-04-30,Consumer Cyclicals
1353.0,0.5053297877311707,0.0,BMWG.DE,2014-05-02,Consumer Cyclicals
1354.0,0.5068054795265198,0.0,BMWG.DE,2014-05-05,Consumer Cyclicals
1355.0,0.505065381526947,0.0,BMWG.DE,2014-05-06,Consumer Cyclicals
1356.0,0.5028596520423889,0.0,BMWG.DE,2014-05-07,Consumer Cyclicals
1357.0,0.5005037784576416,0.0,BMWG.DE,2014-05-08,Consumer Cyclicals
1358.0,0.4997152090072632,1.0,BMWG.DE,2014-05-09,Consumer Cyclicals
1359.0,0.4999215006828308,0.0,BMWG.DE,2014-05-12,Consumer Cyclicals
1360.0,0.49999120831489563,1.0,BMWG.DE,2014-05-13,Consumer Cyclicals
1361.0,0.49997231364250183,0.0,BMWG.DE,2014-05-14,Consumer Cyclicals
1362.0,0.4993155300617218,0.0,BMWG.DE,2014-05-15,Consumer Cyclicals
1363.0,0.4990025758743286,1.0,BMWG.DE,2014-05-16,Consumer Cyclicals
1364.0,0.49888819456100464,1.0,BMWG.DE,2014-05-19,Consumer Cyclicals
1365.0,0.4988998770713806,0.0,BMWG.DE,2014-05-20,Consumer Cyclicals
1366.0,0.499207466840744,1.0,BMWG.DE,2014-05-21,Consumer Cyclicals
1367.0,0.4993860125541687,1.0,BMWG.DE,2014-05-22,Consumer Cyclicals
1368.0,0.5000578761100769,1.0,BMWG.DE,2014-05-23,Consumer Cyclicals
1369.0,0.5009759068489075,1.0,BMWG.DE,2014-05-26,Consumer Cyclicals
1370.0,0.5010665059089661,0.0,BMWG.DE,2014-05-27,Consumer Cyclicals
1371.0,0.5002056360244751,0.0,BMWG.DE,2014-05-28,Consumer Cyclicals
1372.0,0.5006447434425354,1.0,BMWG.DE,2014-05-29,Consumer Cyclicals
1373.0,0.5023518800735474,1.0,BMWG.DE,2014-05-30,Consumer Cyclicals
1374.0,0.5024738311767578,0.0,BMWG.DE,2014-06-02,Consumer Cyclicals
1375.0,0.5028054118156433,1.0,BMWG.DE,2014-06-03,Consumer Cyclicals
1376.0,0.5030603408813477,0.0,BMWG.DE,2014-06-04,Consumer Cyclicals
1377.0,0.5031387805938721,1.0,BMWG.DE,2014-06-05,Consumer Cyclicals
1378.0,0.5039066672325134,0.0,BMWG.DE,2014-06-06,Consumer Cyclicals
1379.0,0.503904402256012,0.0,BMWG.DE,2014-06-09,Consumer Cyclicals
1380.0,0.5029075145721436,0.0,BMWG.DE,2014-06-10,Consumer Cyclicals
1381.0,0.502699077129364,1.0,BMWG.DE,2014-06-11,Consumer Cyclicals
1382.0,0.502084493637085,0.0,BMWG.DE,2014-06-12,Consumer Cyclicals
1383.0,0.5010303258895874,0.0,BMWG.DE,2014-06-13,Consumer Cyclicals
1384.0,0.5008339881896973,1.0,BMWG.DE,2014-06-16,Consumer Cyclicals
1385.0,0.5000500679016113,0.0,BMWG.DE,2014-06-17,Consumer Cyclicals
1386.0,0.5008731484413147,1.0,BMWG.DE,2014-06-18,Consumer Cyclicals
1387.0,0.5010685324668884,1.0,BMWG.DE,2014-06-19,Consumer Cyclicals
1388.0,0.500706672668457,0.0,BMWG.DE,2014-06-20,Consumer Cyclicals
1389.0,0.5000259280204773,0.0,BMWG.DE,2014-06-23,Consumer Cyclicals
1390.0,0.499522864818573,1.0,BMWG.DE,2014-06-24,Consumer Cyclicals
1391.0,0.4991098940372467,0.0,BMWG.DE,2014-06-25,Consumer Cyclicals
1392.0,0.49866005778312683,0.0,BMWG.DE,2014-06-26,Consumer Cyclicals
1393.0,0.4987684488296509,0.0,BMWG.DE,2014-06-27,Consumer Cyclicals
1394.0,0.4988638758659363,1.0,BMWG.DE,2014-06-30,Consumer Cyclicals
1395.0,0.4995516538619995,1.0,BMWG.DE,2014-07-01,Consumer Cyclicals
1396.0,0.5008935928344727,1.0,BMWG.DE,2014-07-02,Consumer Cyclicals
1397.0,0.5011488795280457,1.0,BMWG.DE,2014-07-03,Consumer Cyclicals
1398.0,0.5003431439399719,0.0,BMWG.DE,2014-07-04,Consumer Cyclicals
1399.0,0.5022299885749817,0.0,BMWG.DE,2014-07-07,Consumer Cyclicals
1400.0,0.5018267035484314,0.0,BMWG.DE,2014-07-08,Consumer Cyclicals
1401.0,0.5010438561439514,0.0,BMWG.DE,2014-07-09,Consumer Cyclicals
1402.0,0.5005698204040527,0.0,BMWG.DE,2014-07-10,Consumer Cyclicals
1403.0,0.5005621910095215,1.0,BMWG.DE,2014-07-11,Consumer Cyclicals
1404.0,0.501056969165802,0.0,BMWG.DE,2014-07-14,Consumer Cyclicals
1405.0,0.5015776753425598,1.0,BMWG.DE,2014-07-15,Consumer Cyclicals
1406.0,0.5027454495429993,1.0,BMWG.DE,2014-07-16,Consumer Cyclicals
1407.0,0.5026007890701294,1.0,BMWG.DE,2014-07-17,Consumer Cyclicals
1408.0,0.5013405680656433,0.0,BMWG.DE,2014-07-18,Consumer Cyclicals
1409.0,0.49993443489074707,0.0,BMWG.DE,2014-07-21,Consumer Cyclicals
1410.0,0.4994349479675293,1.0,BMWG.DE,2014-07-22,Consumer Cyclicals
1411.0,0.49861881136894226,1.0,BMWG.DE,2014-07-23,Consumer Cyclicals
1412.0,0.4989456832408905,1.0,BMWG.DE,2014-07-24,Consumer Cyclicals
1413.0,0.49986135959625244,1.0,BMWG.DE,2014-07-25,Consumer Cyclicals
1414.0,0.5000481009483337,0.0,BMWG.DE,2014-07-28,Consumer Cyclicals
1415.0,0.5025162696838379,0.0,BMWG.DE,2014-07-29,Consumer Cyclicals
1416.0,0.5024656057357788,0.0,BMWG.DE,2014-07-30,Consumer Cyclicals
1417.0,0.5015790462493896,1.0,BMWG.DE,2014-07-31,Consumer Cyclicals
1418.0,0.5003754496574402,1.0,BMWG.DE,2014-08-01,Consumer Cyclicals
1419.0,0.5010815858840942,1.0,BMWG.DE,2014-08-04,Consumer Cyclicals
1420.0,0.5016601085662842,0.0,BMWG.DE,2014-08-05,Consumer Cyclicals
1421.0,0.5025442838668823,1.0,BMWG.DE,2014-08-06,Consumer Cyclicals
1422.0,0.5017276406288147,0.0,BMWG.DE,2014-08-07,Consumer Cyclicals
1423.0,0.5000682473182678,1.0,BMWG.DE,2014-08-08,Consumer Cyclicals
1424.0,0.49904656410217285,1.0,BMWG.DE,2014-08-11,Consumer Cyclicals
1425.0,0.49854815006256104,0.0,BMWG.DE,2014-08-12,Consumer Cyclicals
1426.0,0.4978111982345581,0.0,BMWG.DE,2014-08-13,Consumer Cyclicals
1427.0,0.4970267117023468,1.0,BMWG.DE,2014-08-14,Consumer Cyclicals
1428.0,0.49758481979370117,0.0,BMWG.DE,2014-08-15,Consumer Cyclicals
1429.0,0.4983753561973572,1.0,BMWG.DE,2014-08-18,Consumer Cyclicals
1430.0,0.4987502098083496,1.0,BMWG.DE,2014-08-19,Consumer Cyclicals
1431.0,0.49817731976509094,0.0,BMWG.DE,2014-08-20,Consumer Cyclicals
1432.0,0.49838656187057495,1.0,BMWG.DE,2014-08-21,Consumer Cyclicals
1433.0,0.5009390711784363,0.0,BMWG.DE,2014-08-22,Consumer Cyclicals
1434.0,0.5008546113967896,1.0,BMWG.DE,2014-08-25,Consumer Cyclicals
1435.0,0.5013957023620605,0.0,BMWG.DE,2014-08-26,Consumer Cyclicals
1436.0,0.5019670128822327,0.0,BMWG.DE,2014-08-27,Consumer Cyclicals
1437.0,0.5008041262626648,0.0,BMWG.DE,2014-08-28,Consumer Cyclicals
1438.0,0.5019271373748779,0.0,BMWG.DE,2014-08-29,Consumer Cyclicals
1439.0,0.5031204223632812,0.0,BMWG.DE,2014-09-01,Consumer Cyclicals
1440.0,0.5029748678207397,0.0,BMWG.DE,2014-09-02,Consumer Cyclicals
1441.0,0.5036932229995728,1.0,BMWG.DE,2014-09-03,Consumer Cyclicals
1442.0,0.5029966831207275,1.0,BMWG.DE,2014-09-04,Consumer Cyclicals
1443.0,0.5043199062347412,1.0,BMWG.DE,2014-09-05,Consumer Cyclicals
1444.0,0.5042144656181335,0.0,BMWG.DE,2014-09-08,Consumer Cyclicals
1445.0,0.503034234046936,0.0,BMWG.DE,2014-09-09,Consumer Cyclicals
1446.0,0.5015841722488403,0.0,BMWG.DE,2014-09-10,Consumer Cyclicals
1447.0,0.5004556179046631,0.0,BMWG.DE,2014-09-11,Consumer Cyclicals
1448.0,0.4996717572212219,0.0,BMWG.DE,2014-09-12,Consumer Cyclicals
1449.0,0.4994945526123047,1.0,BMWG.DE,2014-09-15,Consumer Cyclicals
1450.0,0.5012791156768799,1.0,BMWG.DE,2014-09-16,Consumer Cyclicals
1451.0,0.5031376481056213,1.0,BMWG.DE,2014-09-17,Consumer Cyclicals
1452.0,0.5037903785705566,0.0,BMWG.DE,2014-09-18,Consumer Cyclicals
1453.0,0.5033761262893677,0.0,BMWG.DE,2014-09-19,Consumer Cyclicals
1454.0,0.5022602677345276,0.0,BMWG.DE,2014-09-22,Consumer Cyclicals
1455.0,0.5009263753890991,0.0,BMWG.DE,2014-09-23,Consumer Cyclicals
1456.0,0.500097930431366,1.0,BMWG.DE,2014-09-24,Consumer Cyclicals
1457.0,0.4994373619556427,0.0,BMWG.DE,2014-09-25,Consumer Cyclicals
1458.0,0.49934688210487366,1.0,BMWG.DE,2014-09-26,Consumer Cyclicals
1459.0,0.49930712580680847,1.0,BMWG.DE,2014-09-29,Consumer Cyclicals
1460.0,0.4998290240764618,0.0,BMWG.DE,2014-09-30,Consumer Cyclicals
1461.0,0.5005446672439575,1.0,BMWG.DE,2014-10-01,Consumer Cyclicals
1462.0,0.49985069036483765,1.0,BMWG.DE,2014-10-02,Consumer Cyclicals
1463.0,0.49843090772628784,0.0,BMWG.DE,2014-10-06,Consumer Cyclicals
1464.0,0.4971376657485962,1.0,BMWG.DE,2014-10-07,Consumer Cyclicals
1465.0,0.49834075570106506,0.0,BMWG.DE,2014-10-08,Consumer Cyclicals
1466.0,0.4983850419521332,1.0,BMWG.DE,2014-10-09,Consumer Cyclicals
1467.0,0.49897679686546326,0.0,BMWG.DE,2014-10-10,Consumer Cyclicals
1468.0,0.4992389678955078,0.0,BMWG.DE,2014-10-13,Consumer Cyclicals
1469.0,0.49947166442871094,1.0,BMWG.DE,2014-10-14,Consumer Cyclicals
1470.0,0.49966397881507874,0.0,BMWG.DE,2014-10-15,Consumer Cyclicals
1471.0,0.4991593360900879,1.0,BMWG.DE,2014-10-16,Consumer Cyclicals
1472.0,0.49826160073280334,1.0,BMWG.DE,2014-10-17,Consumer Cyclicals
1473.0,0.49848735332489014,1.0,BMWG.DE,2014-10-20,Consumer Cyclicals
1474.0,0.4982842206954956,1.0,BMWG.DE,2014-10-21,Consumer Cyclicals
1475.0,0.4996143877506256,1.0,BMWG.DE,2014-10-22,Consumer Cyclicals
1476.0,0.4988723397254944,0.0,BMWG.DE,2014-10-23,Consumer Cyclicals
1477.0,0.4987293481826782,0.0,BMWG.DE,2014-10-24,Consumer Cyclicals
1478.0,0.49909767508506775,0.0,BMWG.DE,2014-10-27,Consumer Cyclicals
1479.0,0.49847325682640076,0.0,BMWG.DE,2014-10-28,Consumer Cyclicals
1480.0,0.49886947870254517,0.0,BMWG.DE,2014-10-29,Consumer Cyclicals
1481.0,0.5020599365234375,1.0,BMWG.DE,2014-10-30,Consumer Cyclicals
1482.0,0.5024704337120056,1.0,BMWG.DE,2014-10-31,Consumer Cyclicals
1483.0,0.5042679905891418,1.0,BMWG.DE,2014-11-03,Consumer Cyclicals
1484.0,0.5057265758514404,0.0,BMWG.DE,2014-11-04,Consumer Cyclicals
1485.0,0.506108820438385,0.0,BMWG.DE,2014-11-05,Consumer Cyclicals
1486.0,0.5047734975814819,1.0,BMWG.DE,2014-11-06,Consumer Cyclicals
1487.0,0.5030181407928467,0.0,BMWG.DE,2014-11-07,Consumer Cyclicals
1488.0,0.5031604766845703,0.0,BMWG.DE,2014-11-10,Consumer Cyclicals
1489.0,0.5031317472457886,1.0,BMWG.DE,2014-11-11,Consumer Cyclicals
1490.0,0.5031300187110901,0.0,BMWG.DE,2014-11-12,Consumer Cyclicals
1491.0,0.5050413608551025,0.0,BMWG.DE,2014-11-13,Consumer Cyclicals
1492.0,0.5048895478248596,1.0,BMWG.DE,2014-11-14,Consumer Cyclicals
1493.0,0.5026040077209473,1.0,BMWG.DE,2014-11-17,Consumer Cyclicals
1494.0,0.5022353529930115,0.0,BMWG.DE,2014-11-18,Consumer Cyclicals
1495.0,0.5023456811904907,1.0,BMWG.DE,2014-11-19,Consumer Cyclicals
1496.0,0.501399576663971,1.0,BMWG.DE,2014-11-20,Consumer Cyclicals
1497.0,0.501389741897583,1.0,BMWG.DE,2014-11-21,Consumer Cyclicals
1498.0,0.5016206502914429,1.0,BMWG.DE,2014-11-24,Consumer Cyclicals
1499.0,0.5005087852478027,1.0,BMWG.DE,2014-11-25,Consumer Cyclicals
1500.0,0.5029605031013489,1.0,CBKG.DE,2013-11-28,Financials
1501.0,0.5038161873817444,1.0,CBKG.DE,2013-11-29,Financials
1502.0,0.5031967163085938,0.0,CBKG.DE,2013-12-02,Financials
1503.0,0.5024998188018799,0.0,CBKG.DE,2013-12-03,Financials
1504.0,0.5048090815544128,1.0,CBKG.DE,2013-12-04,Financials
1505.0,0.5055285096168518,0.0,CBKG.DE,2013-12-05,Financials
1506.0,0.5064753293991089,1.0,CBKG.DE,2013-12-06,Financials
1507.0,0.5027427077293396,1.0,CBKG.DE,2013-12-09,Financials
1508.0,0.5015532374382019,1.0,CBKG.DE,2013-12-10,Financials
1509.0,0.50008225440979,1.0,CBKG.DE,2013-12-11,Financials
1510.0,0.5003870129585266,0.0,CBKG.DE,2013-12-12,Financials
1511.0,0.5023346543312073,0.0,CBKG.DE,2013-12-13,Financials
1512.0,0.5050076842308044,1.0,CBKG.DE,2013-12-16,Financials
1513.0,0.5056269764900208,1.0,CBKG.DE,2013-12-17,Financials
1514.0,0.5036219358444214,0.0,CBKG.DE,2013-12-18,Financials
1515.0,0.5018616914749146,1.0,CBKG.DE,2013-12-19,Financials
1516.0,0.5042439103126526,0.0,CBKG.DE,2013-12-20,Financials
1517.0,0.5049628615379333,1.0,CBKG.DE,2013-12-23,Financials
1518.0,0.5046800971031189,1.0,CBKG.DE,2013-12-27,Financials
1519.0,0.5052551627159119,1.0,CBKG.DE,2013-12-30,Financials
1520.0,0.5046315789222717,0.0,CBKG.DE,2014-01-02,Financials
1521.0,0.5045002102851868,0.0,CBKG.DE,2014-01-03,Financials
1522.0,0.5045126080513,1.0,CBKG.DE,2014-01-06,Financials
1523.0,0.5045485496520996,1.0,CBKG.DE,2014-01-07,Financials
1524.0,0.5045554041862488,1.0,CBKG.DE,2014-01-08,Financials
1525.0,0.5057579874992371,1.0,CBKG.DE,2014-01-09,Financials
1526.0,0.5053892731666565,1.0,CBKG.DE,2014-01-10,Financials
1527.0,0.5046253204345703,1.0,CBKG.DE,2014-01-13,Financials
1528.0,0.5037952661514282,0.0,CBKG.DE,2014-01-14,Financials
1529.0,0.5015818476676941,1.0,CBKG.DE,2014-01-15,Financials
1530.0,0.49955904483795166,0.0,CBKG.DE,2014-01-16,Financials
1531.0,0.5015172958374023,1.0,CBKG.DE,2014-01-17,Financials
1532.0,0.5071902275085449,0.0,CBKG.DE,2014-01-20,Financials
1533.0,0.5108622312545776,1.0,CBKG.DE,2014-01-21,Financials
1534.0,0.5103882551193237,0.0,CBKG.DE,2014-01-22,Financials
1535.0,0.5091574788093567,1.0,CBKG.DE,2014-01-23,Financials
1536.0,0.5122965574264526,0.0,CBKG.DE,2014-01-24,Financials
1537.0,0.5090559720993042,0.0,CBKG.DE,2014-01-27,Financials
1538.0,0.509260356426239,1.0,CBKG.DE,2014-01-28,Financials
1539.0,0.5062829256057739,1.0,CBKG.DE,2014-01-29,Financials
1540.0,0.5045944452285767,0.0,CBKG.DE,2014-01-30,Financials
1541.0,0.5017509460449219,0.0,CBKG.DE,2014-01-31,Financials
1542.0,0.5009809136390686,0.0,CBKG.DE,2014-02-03,Financials
1543.0,0.5003941059112549,1.0,CBKG.DE,2014-02-04,Financials
1544.0,0.501876950263977,1.0,CBKG.DE,2014-02-05,Financials
1545.0,0.5014342069625854,1.0,CBKG.DE,2014-02-06,Financials
1546.0,0.5002700686454773,0.0,CBKG.DE,2014-02-07,Financials
1547.0,0.5009042620658875,1.0,CBKG.DE,2014-02-10,Financials
1548.0,0.5020319223403931,0.0,CBKG.DE,2014-02-11,Financials
1549.0,0.5016726851463318,1.0,CBKG.DE,2014-02-12,Financials
1550.0,0.5004701614379883,1.0,CBKG.DE,2014-02-13,Financials
1551.0,0.49909982085227966,0.0,CBKG.DE,2014-02-14,Financials
1552.0,0.4997517764568329,1.0,CBKG.DE,2014-02-17,Financials
1553.0,0.5009646415710449,0.0,CBKG.DE,2014-02-18,Financials
1554.0,0.5038857460021973,0.0,CBKG.DE,2014-02-19,Financials
1555.0,0.5043656826019287,1.0,CBKG.DE,2014-02-20,Financials
1556.0,0.5045846700668335,0.0,CBKG.DE,2014-02-21,Financials
1557.0,0.5053585171699524,1.0,CBKG.DE,2014-02-24,Financials
1558.0,0.5064418315887451,0.0,CBKG.DE,2014-02-25,Financials
1559.0,0.5072158575057983,1.0,CBKG.DE,2014-02-26,Financials
1560.0,0.5048113465309143,1.0,CBKG.DE,2014-02-27,Financials
1561.0,0.5037757754325867,1.0,CBKG.DE,2014-02-28,Financials
1562.0,0.5023853182792664,0.0,CBKG.DE,2014-03-03,Financials
1563.0,0.5002561807632446,1.0,CBKG.DE,2014-03-04,Financials
1564.0,0.50054532289505,1.0,CBKG.DE,2014-03-05,Financials
1565.0,0.500501811504364,0.0,CBKG.DE,2014-03-06,Financials
1566.0,0.5014495253562927,0.0,CBKG.DE,2014-03-07,Financials
1567.0,0.501398503780365,0.0,CBKG.DE,2014-03-10,Financials
1568.0,0.5016312599182129,0.0,CBKG.DE,2014-03-11,Financials
1569.0,0.5004702210426331,0.0,CBKG.DE,2014-03-12,Financials
1570.0,0.5026336312294006,1.0,CBKG.DE,2014-03-13,Financials
1571.0,0.5047953128814697,0.0,CBKG.DE,2014-03-14,Financials
1572.0,0.5053396224975586,1.0,CBKG.DE,2014-03-17,Financials
1573.0,0.5037736892700195,1.0,CBKG.DE,2014-03-18,Financials
1574.0,0.5022510290145874,1.0,CBKG.DE,2014-03-19,Financials
1575.0,0.501672089099884,1.0,CBKG.DE,2014-03-20,Financials
1576.0,0.5006827116012573,1.0,CBKG.DE,2014-03-21,Financials
1577.0,0.5005051493644714,0.0,CBKG.DE,2014-03-24,Financials
1578.0,0.500048816204071,0.0,CBKG.DE,2014-03-25,Financials
1579.0,0.5016129612922668,1.0,CBKG.DE,2014-03-26,Financials
1580.0,0.5055859088897705,0.0,CBKG.DE,2014-03-27,Financials
1581.0,0.5072697997093201,1.0,CBKG.DE,2014-03-28,Financials
1582.0,0.5075470805168152,1.0,CBKG.DE,2014-03-31,Financials
1583.0,0.5089080929756165,1.0,CBKG.DE,2014-04-01,Financials
1584.0,0.5062152743339539,1.0,CBKG.DE,2014-04-02,Financials
1585.0,0.5042570233345032,1.0,CBKG.DE,2014-04-03,Financials
1586.0,0.5045809745788574,1.0,CBKG.DE,2014-04-04,Financials
1587.0,0.5036649107933044,1.0,CBKG.DE,2014-04-07,Financials
1588.0,0.5042420625686646,0.0,CBKG.DE,2014-04-08,Financials
1589.0,0.5051143765449524,1.0,CBKG.DE,2014-04-09,Financials
1590.0,0.509211540222168,0.0,CBKG.DE,2014-04-10,Financials
1591.0,0.5083789229393005,0.0,CBKG.DE,2014-04-11,Financials
1592.0,0.5086377263069153,0.0,CBKG.DE,2014-04-14,Financials
1593.0,0.5061137080192566,0.0,CBKG.DE,2014-04-15,Financials
1594.0,0.5027178525924683,1.0,CBKG.DE,2014-04-16,Financials
1595.0,0.5015895962715149,1.0,CBKG.DE,2014-04-17,Financials
1596.0,0.5000049471855164,0.0,CBKG.DE,2014-04-22,Financials
1597.0,0.4984150230884552,1.0,CBKG.DE,2014-04-23,Financials
1598.0,0.49713635444641113,0.0,CBKG.DE,2014-04-24,Financials
1599.0,0.4962194859981537,0.0,CBKG.DE,2014-04-25,Financials
1600.0,0.49710512161254883,0.0,CBKG.DE,2014-04-28,Financials
1601.0,0.49924635887145996,1.0,CBKG.DE,2014-04-29,Financials
1602.0,0.5015815496444702,0.0,CBKG.DE,2014-04-30,Financials
1603.0,0.503670871257782,1.0,CBKG.DE,2014-05-02,Financials
1604.0,0.5054516196250916,0.0,CBKG.DE,2014-05-05,Financials
1605.0,0.5057950615882874,0.0,CBKG.DE,2014-05-06,Financials
1606.0,0.5037134289741516,0.0,CBKG.DE,2014-05-07,Financials
1607.0,0.5013315081596375,0.0,CBKG.DE,2014-05-08,Financials
1608.0,0.5003400444984436,0.0,CBKG.DE,2014-05-09,Financials
1609.0,0.5026865601539612,0.0,CBKG.DE,2014-05-12,Financials
1610.0,0.5021488070487976,1.0,CBKG.DE,2014-05-13,Financials
1611.0,0.5007814168930054,0.0,CBKG.DE,2014-05-14,Financials
1612.0,0.500379204750061,0.0,CBKG.DE,2014-05-15,Financials
1613.0,0.5002180933952332,1.0,CBKG.DE,2014-05-16,Financials
1614.0,0.4997757375240326,0.0,CBKG.DE,2014-05-19,Financials
1615.0,0.49867287278175354,1.0,CBKG.DE,2014-05-20,Financials
1616.0,0.4979826509952545,1.0,CBKG.DE,2014-05-21,Financials
1617.0,0.49732792377471924,1.0,CBKG.DE,2014-05-22,Financials
1618.0,0.4973769187927246,0.0,CBKG.DE,2014-05-23,Financials
1619.0,0.4986249506473541,1.0,CBKG.DE,2014-05-26,Financials
1620.0,0.49892058968544006,1.0,CBKG.DE,2014-05-27,Financials
1621.0,0.49822816252708435,1.0,CBKG.DE,2014-05-28,Financials
1622.0,0.49839967489242554,0.0,CBKG.DE,2014-05-29,Financials
1623.0,0.49801546335220337,0.0,CBKG.DE,2014-05-30,Financials
1624.0,0.49906283617019653,1.0,CBKG.DE,2014-06-02,Financials
1625.0,0.5014246106147766,0.0,CBKG.DE,2014-06-03,Financials
1626.0,0.5029593110084534,1.0,CBKG.DE,2014-06-04,Financials
1627.0,0.5036407113075256,1.0,CBKG.DE,2014-06-05,Financials
1628.0,0.5061970949172974,1.0,CBKG.DE,2014-06-06,Financials
1629.0,0.5072394013404846,1.0,CBKG.DE,2014-06-09,Financials
1630.0,0.5071137547492981,0.0,CBKG.DE,2014-06-10,Financials
1631.0,0.5046396255493164,0.0,CBKG.DE,2014-06-11,Financials
1632.0,0.5028536915779114,1.0,CBKG.DE,2014-06-12,Financials
1633.0,0.5024333596229553,1.0,CBKG.DE,2014-06-13,Financials
1634.0,0.5005151033401489,0.0,CBKG.DE,2014-06-16,Financials
1635.0,0.5003808736801147,1.0,CBKG.DE,2014-06-17,Financials
1636.0,0.5029533505439758,0.0,CBKG.DE,2014-06-18,Financials
1637.0,0.5071005821228027,0.0,CBKG.DE,2014-06-19,Financials
1638.0,0.5088329315185547,0.0,CBKG.DE,2014-06-20,Financials
1639.0,0.50822514295578,0.0,CBKG.DE,2014-06-23,Financials
1640.0,0.5062352418899536,0.0,CBKG.DE,2014-06-24,Financials
1641.0,0.5052376389503479,1.0,CBKG.DE,2014-06-25,Financials
1642.0,0.5040649175643921,0.0,CBKG.DE,2014-06-26,Financials
1643.0,0.5026893019676208,1.0,CBKG.DE,2014-06-27,Financials
1644.0,0.5020886659622192,0.0,CBKG.DE,2014-06-30,Financials
1645.0,0.5012728571891785,1.0,CBKG.DE,2014-07-01,Financials
1646.0,0.5008416175842285,1.0,CBKG.DE,2014-07-02,Financials
1647.0,0.49923232197761536,1.0,CBKG.DE,2014-07-03,Financials
1648.0,0.49766454100608826,0.0,CBKG.DE,2014-07-04,Financials
1649.0,0.49683627486228943,0.0,CBKG.DE,2014-07-07,Financials
1650.0,0.49795952439308167,0.0,CBKG.DE,2014-07-08,Financials
1651.0,0.4979226291179657,1.0,CBKG.DE,2014-07-09,Financials
1652.0,0.49861767888069153,0.0,CBKG.DE,2014-07-10,Financials
1653.0,0.4985364079475403,0.0,CBKG.DE,2014-07-11,Financials
1654.0,0.4991435408592224,1.0,CBKG.DE,2014-07-14,Financials
1655.0,0.5001728534698486,0.0,CBKG.DE,2014-07-15,Financials
1656.0,0.5019274950027466,1.0,CBKG.DE,2014-07-16,Financials
1657.0,0.5014067888259888,1.0,CBKG.DE,2014-07-17,Financials
1658.0,0.5005215406417847,1.0,CBKG.DE,2014-07-18,Financials
1659.0,0.4988674819469452,0.0,CBKG.DE,2014-07-21,Financials
1660.0,0.49904900789260864,0.0,CBKG.DE,2014-07-22,Financials
1661.0,0.49888789653778076,1.0,CBKG.DE,2014-07-23,Financials
1662.0,0.49905309081077576,1.0,CBKG.DE,2014-07-24,Financials
1663.0,0.5007894039154053,1.0,CBKG.DE,2014-07-25,Financials
1664.0,0.500817596912384,0.0,CBKG.DE,2014-07-28,Financials
1665.0,0.5019496083259583,0.0,CBKG.DE,2014-07-29,Financials
1666.0,0.5022048354148865,1.0,CBKG.DE,2014-07-30,Financials
1667.0,0.5025490522384644,0.0,CBKG.DE,2014-07-31,Financials
1668.0,0.5015516877174377,0.0,CBKG.DE,2014-08-01,Financials
1669.0,0.5015100240707397,1.0,CBKG.DE,2014-08-04,Financials
1670.0,0.5023421049118042,0.0,CBKG.DE,2014-08-05,Financials
1671.0,0.504391074180603,1.0,CBKG.DE,2014-08-06,Financials
1672.0,0.505135178565979,1.0,CBKG.DE,2014-08-07,Financials
1673.0,0.5045592188835144,0.0,CBKG.DE,2014-08-08,Financials
1674.0,0.50369793176651,0.0,CBKG.DE,2014-08-11,Financials
1675.0,0.5029923915863037,1.0,CBKG.DE,2014-08-12,Financials
1676.0,0.5008915066719055,1.0,CBKG.DE,2014-08-13,Financials
1677.0,0.4989367723464966,0.0,CBKG.DE,2014-08-14,Financials
1678.0,0.4986846148967743,1.0,CBKG.DE,2014-08-15,Financials
1679.0,0.4983139634132385,0.0,CBKG.DE,2014-08-18,Financials
1680.0,0.4981426000595093,1.0,CBKG.DE,2014-08-19,Financials
1681.0,0.4987647831439972,0.0,CBKG.DE,2014-08-20,Financials
1682.0,0.4985889196395874,1.0,CBKG.DE,2014-08-21,Financials
1683.0,0.4996335506439209,1.0,CBKG.DE,2014-08-22,Financials
1684.0,0.5015233159065247,1.0,CBKG.DE,2014-08-25,Financials
1685.0,0.503384530544281,1.0,CBKG.DE,2014-08-26,Financials
1686.0,0.503283679485321,1.0,CBKG.DE,2014-08-27,Financials
1687.0,0.5023066997528076,0.0,CBKG.DE,2014-08-28,Financials
1688.0,0.5028579235076904,1.0,CBKG.DE,2014-08-29,Financials
1689.0,0.504004955291748,0.0,CBKG.DE,2014-09-01,Financials
1690.0,0.5033245086669922,1.0,CBKG.DE,2014-09-02,Financials
1691.0,0.5038810968399048,1.0,CBKG.DE,2014-09-03,Financials
1692.0,0.5035008192062378,1.0,CBKG.DE,2014-09-04,Financials
1693.0,0.5040687322616577,1.0,CBKG.DE,2014-09-05,Financials
1694.0,0.5053887367248535,1.0,CBKG.DE,2014-09-08,Financials
1695.0,0.5068280696868896,0.0,CBKG.DE,2014-09-09,Financials
1696.0,0.5044950246810913,1.0,CBKG.DE,2014-09-10,Financials
1697.0,0.5035352110862732,0.0,CBKG.DE,2014-09-11,Financials
1698.0,0.502198338508606,1.0,CBKG.DE,2014-09-12,Financials
1699.0,0.5024592280387878,0.0,CBKG.DE,2014-09-15,Financials
1700.0,0.5033246278762817,1.0,CBKG.DE,2014-09-16,Financials
1701.0,0.5080640912055969,1.0,CBKG.DE,2014-09-17,Financials
1702.0,0.5093130469322205,1.0,CBKG.DE,2014-09-18,Financials
1703.0,0.5090137720108032,0.0,CBKG.DE,2014-09-19,Financials
1704.0,0.5057443976402283,0.0,CBKG.DE,2014-09-22,Financials
1705.0,0.5050617456436157,0.0,CBKG.DE,2014-09-23,Financials
1706.0,0.5037065148353577,0.0,CBKG.DE,2014-09-24,Financials
1707.0,0.502383291721344,1.0,CBKG.DE,2014-09-25,Financials
1708.0,0.5010119080543518,1.0,CBKG.DE,2014-09-26,Financials
1709.0,0.5006471276283264,0.0,CBKG.DE,2014-09-29,Financials
1710.0,0.5004923939704895,1.0,CBKG.DE,2014-09-30,Financials
1711.0,0.5012468099594116,1.0,CBKG.DE,2014-10-01,Financials
1712.0,0.5014240145683289,0.0,CBKG.DE,2014-10-02,Financials
1713.0,0.4997399151325226,1.0,CBKG.DE,2014-10-06,Financials
1714.0,0.49821406602859497,0.0,CBKG.DE,2014-10-07,Financials
1715.0,0.4975104033946991,0.0,CBKG.DE,2014-10-08,Financials
1716.0,0.49746495485305786,0.0,CBKG.DE,2014-10-09,Financials
1717.0,0.4984329640865326,1.0,CBKG.DE,2014-10-10,Financials
1718.0,0.4978141188621521,1.0,CBKG.DE,2014-10-13,Financials
1719.0,0.49811694025993347,1.0,CBKG.DE,2014-10-14,Financials
1720.0,0.49833258986473083,0.0,CBKG.DE,2014-10-15,Financials
1721.0,0.49779534339904785,0.0,CBKG.DE,2014-10-16,Financials
1722.0,0.4984552562236786,1.0,CBKG.DE,2014-10-17,Financials
1723.0,0.4984443485736847,1.0,CBKG.DE,2014-10-20,Financials
1724.0,0.4981915056705475,1.0,CBKG.DE,2014-10-21,Financials
1725.0,0.49836722016334534,1.0,CBKG.DE,2014-10-22,Financials
1726.0,0.4985256493091583,1.0,CBKG.DE,2014-10-23,Financials
1727.0,0.5003425478935242,1.0,CBKG.DE,2014-10-24,Financials
1728.0,0.5013071298599243,1.0,CBKG.DE,2014-10-27,Financials
1729.0,0.5002936124801636,1.0,CBKG.DE,2014-10-28,Financials
1730.0,0.49949759244918823,0.0,CBKG.DE,2014-10-29,Financials
1731.0,0.502685010433197,1.0,CBKG.DE,2014-10-30,Financials
1732.0,0.5044025778770447,1.0,CBKG.DE,2014-10-31,Financials
1733.0,0.508991003036499,1.0,CBKG.DE,2014-11-03,Financials
1734.0,0.5102489590644836,0.0,CBKG.DE,2014-11-04,Financials
1735.0,0.5113319754600525,1.0,CBKG.DE,2014-11-05,Financials
1736.0,0.5108376145362854,1.0,CBKG.DE,2014-11-06,Financials
1737.0,0.5091896057128906,1.0,CBKG.DE,2014-11-07,Financials
1738.0,0.5093939900398254,0.0,CBKG.DE,2014-11-10,Financials
1739.0,0.5057751536369324,0.0,CBKG.DE,2014-11-11,Financials
1740.0,0.5047051310539246,0.0,CBKG.DE,2014-11-12,Financials
1741.0,0.5058911442756653,0.0,CBKG.DE,2014-11-13,Financials
1742.0,0.5064952969551086,1.0,CBKG.DE,2014-11-14,Financials
1743.0,0.5043013691902161,1.0,CBKG.DE,2014-11-17,Financials
1744.0,0.5039808750152588,0.0,CBKG.DE,2014-11-18,Financials
1745.0,0.5046263933181763,1.0,CBKG.DE,2014-11-19,Financials
1746.0,0.5036067366600037,0.0,CBKG.DE,2014-11-20,Financials
1747.0,0.5016807317733765,1.0,CBKG.DE,2014-11-21,Financials
1748.0,0.5005956292152405,0.0,CBKG.DE,2014-11-24,Financials
1749.0,0.4992470145225525,1.0,CBKG.DE,2014-11-25,Financials
1750.0,0.5053889751434326,0.0,CONG.DE,2013-11-28,Consumer Cyclicals
1751.0,0.5045568943023682,1.0,CONG.DE,2013-11-29,Consumer Cyclicals
1752.0,0.503437340259552,1.0,CONG.DE,2013-12-02,Consumer Cyclicals
1753.0,0.5022097826004028,0.0,CONG.DE,2013-12-03,Consumer Cyclicals
1754.0,0.5012558698654175,1.0,CONG.DE,2013-12-04,Consumer Cyclicals
1755.0,0.503689169883728,0.0,CONG.DE,2013-12-05,Consumer Cyclicals
1756.0,0.5024105310440063,1.0,CONG.DE,2013-12-06,Consumer Cyclicals
1757.0,0.500386118888855,1.0,CONG.DE,2013-12-09,Consumer Cyclicals
1758.0,0.50009685754776,0.0,CONG.DE,2013-12-10,Consumer Cyclicals
1759.0,0.4996318519115448,1.0,CONG.DE,2013-12-11,Consumer Cyclicals
1760.0,0.5002649426460266,0.0,CONG.DE,2013-12-12,Consumer Cyclicals
1761.0,0.5012339353561401,0.0,CONG.DE,2013-12-13,Consumer Cyclicals
1762.0,0.500492513179779,1.0,CONG.DE,2013-12-16,Consumer Cyclicals
1763.0,0.500350832939148,1.0,CONG.DE,2013-12-17,Consumer Cyclicals
1764.0,0.4997994303703308,1.0,CONG.DE,2013-12-18,Consumer Cyclicals
1765.0,0.4993865489959717,0.0,CONG.DE,2013-12-19,Consumer Cyclicals
1766.0,0.5005593299865723,0.0,CONG.DE,2013-12-20,Consumer Cyclicals
1767.0,0.5006808638572693,1.0,CONG.DE,2013-12-23,Consumer Cyclicals
1768.0,0.5030420422554016,0.0,CONG.DE,2013-12-27,Consumer Cyclicals
1769.0,0.5037416219711304,0.0,CONG.DE,2013-12-30,Consumer Cyclicals
1770.0,0.5039259195327759,1.0,CONG.DE,2014-01-02,Consumer Cyclicals
1771.0,0.504160463809967,0.0,CONG.DE,2014-01-03,Consumer Cyclicals
1772.0,0.5043389797210693,1.0,CONG.DE,2014-01-06,Consumer Cyclicals
1773.0,0.5044453144073486,1.0,CONG.DE,2014-01-07,Consumer Cyclicals
1774.0,0.5044822096824646,1.0,CONG.DE,2014-01-08,Consumer Cyclicals
1775.0,0.5037307143211365,0.0,CONG.DE,2014-01-09,Consumer Cyclicals
1776.0,0.5021874904632568,0.0,CONG.DE,2014-01-10,Consumer Cyclicals
1777.0,0.5006523728370667,1.0,CONG.DE,2014-01-13,Consumer Cyclicals
1778.0,0.49937570095062256,0.0,CONG.DE,2014-01-14,Consumer Cyclicals
1779.0,0.4982663691043854,1.0,CONG.DE,2014-01-15,Consumer Cyclicals
1780.0,0.4978392422199249,1.0,CONG.DE,2014-01-16,Consumer Cyclicals
1781.0,0.4982466697692871,1.0,CONG.DE,2014-01-17,Consumer Cyclicals
1782.0,0.49961796402931213,0.0,CONG.DE,2014-01-20,Consumer Cyclicals
1783.0,0.5003493428230286,0.0,CONG.DE,2014-01-21,Consumer Cyclicals
1784.0,0.4997638165950775,1.0,CONG.DE,2014-01-22,Consumer Cyclicals
1785.0,0.4994727373123169,0.0,CONG.DE,2014-01-23,Consumer Cyclicals
1786.0,0.5002791881561279,1.0,CONG.DE,2014-01-24,Consumer Cyclicals
1787.0,0.5006439089775085,0.0,CONG.DE,2014-01-27,Consumer Cyclicals
1788.0,0.5018113851547241,1.0,CONG.DE,2014-01-28,Consumer Cyclicals
1789.0,0.50279700756073,1.0,CONG.DE,2014-01-29,Consumer Cyclicals
1790.0,0.5029399991035461,1.0,CONG.DE,2014-01-30,Consumer Cyclicals
1791.0,0.5021947026252747,0.0,CONG.DE,2014-01-31,Consumer Cyclicals
1792.0,0.5009286403656006,0.0,CONG.DE,2014-02-03,Consumer Cyclicals
1793.0,0.500792920589447,0.0,CONG.DE,2014-02-04,Consumer Cyclicals
1794.0,0.5000836253166199,0.0,CONG.DE,2014-02-05,Consumer Cyclicals
1795.0,0.4988466501235962,1.0,CONG.DE,2014-02-06,Consumer Cyclicals
1796.0,0.4977787733078003,0.0,CONG.DE,2014-02-07,Consumer Cyclicals
1797.0,0.4985603094100952,1.0,CONG.DE,2014-02-10,Consumer Cyclicals
1798.0,0.49903905391693115,1.0,CONG.DE,2014-02-11,Consumer Cyclicals
1799.0,0.500859260559082,1.0,CONG.DE,2014-02-12,Consumer Cyclicals
1800.0,0.5005841255187988,1.0,CONG.DE,2014-02-13,Consumer Cyclicals
1801.0,0.4996057450771332,1.0,CONG.DE,2014-02-14,Consumer Cyclicals
1802.0,0.49868372082710266,1.0,CONG.DE,2014-02-17,Consumer Cyclicals
1803.0,0.49795788526535034,0.0,CONG.DE,2014-02-18,Consumer Cyclicals
1804.0,0.5001413226127625,0.0,CONG.DE,2014-02-19,Consumer Cyclicals
1805.0,0.5011837482452393,1.0,CONG.DE,2014-02-20,Consumer Cyclicals
1806.0,0.5020227432250977,1.0,CONG.DE,2014-02-21,Consumer Cyclicals
1807.0,0.5046196579933167,0.0,CONG.DE,2014-02-24,Consumer Cyclicals
1808.0,0.5053846836090088,1.0,CONG.DE,2014-02-25,Consumer Cyclicals
1809.0,0.5059080123901367,1.0,CONG.DE,2014-02-26,Consumer Cyclicals
1810.0,0.5060418248176575,1.0,CONG.DE,2014-02-27,Consumer Cyclicals
1811.0,0.5050824284553528,1.0,CONG.DE,2014-02-28,Consumer Cyclicals
1812.0,0.5039122700691223,0.0,CONG.DE,2014-03-03,Consumer Cyclicals
1813.0,0.5026852488517761,1.0,CONG.DE,2014-03-04,Consumer Cyclicals
1814.0,0.5019160509109497,0.0,CONG.DE,2014-03-05,Consumer Cyclicals
1815.0,0.5017372369766235,1.0,CONG.DE,2014-03-06,Consumer Cyclicals
1816.0,0.5013795495033264,0.0,CONG.DE,2014-03-07,Consumer Cyclicals
1817.0,0.5027682185173035,0.0,CONG.DE,2014-03-10,Consumer Cyclicals
1818.0,0.502629280090332,1.0,CONG.DE,2014-03-11,Consumer Cyclicals
1819.0,0.5011094808578491,0.0,CONG.DE,2014-03-12,Consumer Cyclicals
1820.0,0.5022119283676147,1.0,CONG.DE,2014-03-13,Consumer Cyclicals
1821.0,0.5017879605293274,0.0,CONG.DE,2014-03-14,Consumer Cyclicals
1822.0,0.5061861872673035,1.0,CONG.DE,2014-03-17,Consumer Cyclicals
1823.0,0.5050182938575745,1.0,CONG.DE,2014-03-18,Consumer Cyclicals
1824.0,0.5028085112571716,1.0,CONG.DE,2014-03-19,Consumer Cyclicals
1825.0,0.5023157596588135,0.0,CONG.DE,2014-03-20,Consumer Cyclicals
1826.0,0.5011807680130005,0.0,CONG.DE,2014-03-21,Consumer Cyclicals
1827.0,0.5000296235084534,0.0,CONG.DE,2014-03-24,Consumer Cyclicals
1828.0,0.4996989667415619,1.0,CONG.DE,2014-03-25,Consumer Cyclicals
1829.0,0.501188337802887,0.0,CONG.DE,2014-03-26,Consumer Cyclicals
1830.0,0.502587080001831,1.0,CONG.DE,2014-03-27,Consumer Cyclicals
1831.0,0.5038731098175049,0.0,CONG.DE,2014-03-28,Consumer Cyclicals
1832.0,0.5033499002456665,1.0,CONG.DE,2014-03-31,Consumer Cyclicals
1833.0,0.5028978586196899,1.0,CONG.DE,2014-04-01,Consumer Cyclicals
1834.0,0.5014278888702393,1.0,CONG.DE,2014-04-02,Consumer Cyclicals
1835.0,0.5023464560508728,0.0,CONG.DE,2014-04-03,Consumer Cyclicals
1836.0,0.503289520740509,0.0,CONG.DE,2014-04-04,Consumer Cyclicals
1837.0,0.5035832524299622,0.0,CONG.DE,2014-04-07,Consumer Cyclicals
1838.0,0.5036046504974365,0.0,CONG.DE,2014-04-08,Consumer Cyclicals
1839.0,0.5037040114402771,1.0,CONG.DE,2014-04-09,Consumer Cyclicals
1840.0,0.5053531527519226,0.0,CONG.DE,2014-04-10,Consumer Cyclicals
1841.0,0.5043149590492249,0.0,CONG.DE,2014-04-11,Consumer Cyclicals
1842.0,0.5035785436630249,0.0,CONG.DE,2014-04-14,Consumer Cyclicals
1843.0,0.5013129711151123,0.0,CONG.DE,2014-04-15,Consumer Cyclicals
1844.0,0.49948105216026306,1.0,CONG.DE,2014-04-16,Consumer Cyclicals
1845.0,0.4991409182548523,1.0,CONG.DE,2014-04-17,Consumer Cyclicals
1846.0,0.4990307688713074,1.0,CONG.DE,2014-04-22,Consumer Cyclicals
1847.0,0.4981164336204529,0.0,CONG.DE,2014-04-23,Consumer Cyclicals
1848.0,0.497609943151474,0.0,CONG.DE,2014-04-24,Consumer Cyclicals
1849.0,0.4969322085380554,0.0,CONG.DE,2014-04-25,Consumer Cyclicals
1850.0,0.5006465911865234,0.0,CONG.DE,2014-04-28,Consumer Cyclicals
1851.0,0.503585934638977,0.0,CONG.DE,2014-04-29,Consumer Cyclicals
1852.0,0.5058021545410156,0.0,CONG.DE,2014-04-30,Consumer Cyclicals
1853.0,0.507362961769104,0.0,CONG.DE,2014-05-02,Consumer Cyclicals
1854.0,0.50872802734375,0.0,CONG.DE,2014-05-05,Consumer Cyclicals
1855.0,0.5072104334831238,1.0,CONG.DE,2014-05-06,Consumer Cyclicals
1856.0,0.5056101679801941,0.0,CONG.DE,2014-05-07,Consumer Cyclicals
1857.0,0.5026354193687439,0.0,CONG.DE,2014-05-08,Consumer Cyclicals
1858.0,0.5013207197189331,0.0,CONG.DE,2014-05-09,Consumer Cyclicals
1859.0,0.5017317533493042,0.0,CONG.DE,2014-05-12,Consumer Cyclicals
1860.0,0.5018550753593445,1.0,CONG.DE,2014-05-13,Consumer Cyclicals
1861.0,0.5018113255500793,1.0,CONG.DE,2014-05-14,Consumer Cyclicals
1862.0,0.5008186101913452,0.0,CONG.DE,2014-05-15,Consumer Cyclicals
1863.0,0.4999915659427643,0.0,CONG.DE,2014-05-16,Consumer Cyclicals
1864.0,0.5002173185348511,1.0,CONG.DE,2014-05-19,Consumer Cyclicals
1865.0,0.5004470348358154,1.0,CONG.DE,2014-05-20,Consumer Cyclicals
1866.0,0.5008309483528137,1.0,CONG.DE,2014-05-21,Consumer Cyclicals
1867.0,0.49994853138923645,1.0,CONG.DE,2014-05-22,Consumer Cyclicals
1868.0,0.49971339106559753,1.0,CONG.DE,2014-05-23,Consumer Cyclicals
1869.0,0.5003661513328552,1.0,CONG.DE,2014-05-26,Consumer Cyclicals
1870.0,0.5008682012557983,1.0,CONG.DE,2014-05-27,Consumer Cyclicals
1871.0,0.49988383054733276,1.0,CONG.DE,2014-05-28,Consumer Cyclicals
1872.0,0.49838653206825256,0.0,CONG.DE,2014-05-29,Consumer Cyclicals
1873.0,0.49902117252349854,1.0,CONG.DE,2014-05-30,Consumer Cyclicals
1874.0,0.501368522644043,0.0,CONG.DE,2014-06-02,Consumer Cyclicals
1875.0,0.5028316378593445,1.0,CONG.DE,2014-06-03,Consumer Cyclicals
1876.0,0.5045998096466064,1.0,CONG.DE,2014-06-04,Consumer Cyclicals
1877.0,0.5051215887069702,1.0,CONG.DE,2014-06-05,Consumer Cyclicals
1878.0,0.5055447220802307,1.0,CONG.DE,2014-06-06,Consumer Cyclicals
1879.0,0.5059147477149963,0.0,CONG.DE,2014-06-09,Consumer Cyclicals
1880.0,0.5056535005569458,0.0,CONG.DE,2014-06-10,Consumer Cyclicals
1881.0,0.5038176774978638,0.0,CONG.DE,2014-06-11,Consumer Cyclicals
1882.0,0.502852737903595,0.0,CONG.DE,2014-06-12,Consumer Cyclicals
1883.0,0.5018128156661987,0.0,CONG.DE,2014-06-13,Consumer Cyclicals
1884.0,0.5009537935256958,1.0,CONG.DE,2014-06-16,Consumer Cyclicals
1885.0,0.5009759068489075,0.0,CONG.DE,2014-06-17,Consumer Cyclicals
1886.0,0.5013857483863831,0.0,CONG.DE,2014-06-18,Consumer Cyclicals
1887.0,0.502037763595581,1.0,CONG.DE,2014-06-19,Consumer Cyclicals
1888.0,0.5015432834625244,1.0,CONG.DE,2014-06-20,Consumer Cyclicals
1889.0,0.5006323456764221,0.0,CONG.DE,2014-06-23,Consumer Cyclicals
1890.0,0.4997823238372803,0.0,CONG.DE,2014-06-24,Consumer Cyclicals
1891.0,0.4992794990539551,1.0,CONG.DE,2014-06-25,Consumer Cyclicals
1892.0,0.49880942702293396,1.0,CONG.DE,2014-06-26,Consumer Cyclicals
1893.0,0.4987031817436218,1.0,CONG.DE,2014-06-27,Consumer Cyclicals
1894.0,0.4988432824611664,0.0,CONG.DE,2014-06-30,Consumer Cyclicals
1895.0,0.49900662899017334,1.0,CONG.DE,2014-07-01,Consumer Cyclicals
1896.0,0.49970969557762146,1.0,CONG.DE,2014-07-02,Consumer Cyclicals
1897.0,0.5005549788475037,0.0,CONG.DE,2014-07-03,Consumer Cyclicals
1898.0,0.49991562962532043,0.0,CONG.DE,2014-07-04,Consumer Cyclicals
1899.0,0.499161958694458,0.0,CONG.DE,2014-07-07,Consumer Cyclicals
1900.0,0.4986776113510132,0.0,CONG.DE,2014-07-08,Consumer Cyclicals
1901.0,0.49855080246925354,0.0,CONG.DE,2014-07-09,Consumer Cyclicals
1902.0,0.49912410974502563,1.0,CONG.DE,2014-07-10,Consumer Cyclicals
1903.0,0.4993729293346405,1.0,CONG.DE,2014-07-11,Consumer Cyclicals
1904.0,0.5002053380012512,0.0,CONG.DE,2014-07-14,Consumer Cyclicals
1905.0,0.5012148022651672,0.0,CONG.DE,2014-07-15,Consumer Cyclicals
1906.0,0.501766562461853,0.0,CONG.DE,2014-07-16,Consumer Cyclicals
1907.0,0.5010315179824829,1.0,CONG.DE,2014-07-17,Consumer Cyclicals
1908.0,0.4998326003551483,0.0,CONG.DE,2014-07-18,Consumer Cyclicals
1909.0,0.4983968436717987,0.0,CONG.DE,2014-07-21,Consumer Cyclicals
1910.0,0.4980520009994507,1.0,CONG.DE,2014-07-22,Consumer Cyclicals
1911.0,0.49790871143341064,1.0,CONG.DE,2014-07-23,Consumer Cyclicals
1912.0,0.499510258436203,1.0,CONG.DE,2014-07-24,Consumer Cyclicals
1913.0,0.5004338622093201,0.0,CONG.DE,2014-07-25,Consumer Cyclicals
1914.0,0.5001612901687622,0.0,CONG.DE,2014-07-28,Consumer Cyclicals
1915.0,0.5010015368461609,0.0,CONG.DE,2014-07-29,Consumer Cyclicals
1916.0,0.5006129741668701,1.0,CONG.DE,2014-07-30,Consumer Cyclicals
1917.0,0.4998264014720917,0.0,CONG.DE,2014-07-31,Consumer Cyclicals
1918.0,0.49878036975860596,1.0,CONG.DE,2014-08-01,Consumer Cyclicals
1919.0,0.5000724196434021,1.0,CONG.DE,2014-08-04,Consumer Cyclicals
1920.0,0.5018715262413025,0.0,CONG.DE,2014-08-05,Consumer Cyclicals
1921.0,0.5030614733695984,0.0,CONG.DE,2014-08-06,Consumer Cyclicals
1922.0,0.5016448497772217,0.0,CONG.DE,2014-08-07,Consumer Cyclicals
1923.0,0.5006971955299377,1.0,CONG.DE,2014-08-08,Consumer Cyclicals
1924.0,0.500694215297699,1.0,CONG.DE,2014-08-11,Consumer Cyclicals
1925.0,0.5006237030029297,0.0,CONG.DE,2014-08-12,Consumer Cyclicals
1926.0,0.49963274598121643,0.0,CONG.DE,2014-08-13,Consumer Cyclicals
1927.0,0.4984472990036011,1.0,CONG.DE,2014-08-14,Consumer Cyclicals
1928.0,0.49849292635917664,0.0,CONG.DE,2014-08-15,Consumer Cyclicals
1929.0,0.49851924180984497,1.0,CONG.DE,2014-08-18,Consumer Cyclicals
1930.0,0.4979269504547119,1.0,CONG.DE,2014-08-19,Consumer Cyclicals
1931.0,0.49733713269233704,0.0,CONG.DE,2014-08-20,Consumer Cyclicals
1932.0,0.4982618987560272,1.0,CONG.DE,2014-08-21,Consumer Cyclicals
1933.0,0.5017861127853394,0.0,CONG.DE,2014-08-22,Consumer Cyclicals
1934.0,0.5015681385993958,0.0,CONG.DE,2014-08-25,Consumer Cyclicals
1935.0,0.501634955406189,1.0,CONG.DE,2014-08-26,Consumer Cyclicals
1936.0,0.5019395351409912,0.0,CONG.DE,2014-08-27,Consumer Cyclicals
1937.0,0.5010415315628052,0.0,CONG.DE,2014-08-28,Consumer Cyclicals
1938.0,0.5032849311828613,0.0,CONG.DE,2014-08-29,Consumer Cyclicals
1939.0,0.5064380168914795,0.0,CONG.DE,2014-09-01,Consumer Cyclicals
1940.0,0.5061877965927124,1.0,CONG.DE,2014-09-02,Consumer Cyclicals
1941.0,0.5068843364715576,0.0,CONG.DE,2014-09-03,Consumer Cyclicals
1942.0,0.5054473280906677,1.0,CONG.DE,2014-09-04,Consumer Cyclicals
1943.0,0.5050704479217529,0.0,CONG.DE,2014-09-05,Consumer Cyclicals
1944.0,0.5056439638137817,1.0,CONG.DE,2014-09-08,Consumer Cyclicals
1945.0,0.5045627355575562,0.0,CONG.DE,2014-09-09,Consumer Cyclicals
1946.0,0.5025990009307861,0.0,CONG.DE,2014-09-10,Consumer Cyclicals
1947.0,0.5012103319168091,0.0,CONG.DE,2014-09-11,Consumer Cyclicals
1948.0,0.5003966093063354,0.0,CONG.DE,2014-09-12,Consumer Cyclicals
1949.0,0.5004621744155884,0.0,CONG.DE,2014-09-15,Consumer Cyclicals
1950.0,0.5013790726661682,0.0,CONG.DE,2014-09-16,Consumer Cyclicals
1951.0,0.5024526119232178,0.0,CONG.DE,2014-09-17,Consumer Cyclicals
1952.0,0.5024695992469788,1.0,CONG.DE,2014-09-18,Consumer Cyclicals
1953.0,0.5028719902038574,0.0,CONG.DE,2014-09-19,Consumer Cyclicals
1954.0,0.502135694026947,0.0,CONG.DE,2014-09-22,Consumer Cyclicals
1955.0,0.5014795064926147,0.0,CONG.DE,2014-09-23,Consumer Cyclicals
1956.0,0.5008475184440613,1.0,CONG.DE,2014-09-24,Consumer Cyclicals
1957.0,0.49979978799819946,0.0,CONG.DE,2014-09-25,Consumer Cyclicals
1958.0,0.4990615248680115,1.0,CONG.DE,2014-09-26,Consumer Cyclicals
1959.0,0.49838003516197205,0.0,CONG.DE,2014-09-29,Consumer Cyclicals
1960.0,0.4981393814086914,0.0,CONG.DE,2014-09-30,Consumer Cyclicals
1961.0,0.5004222989082336,0.0,CONG.DE,2014-10-01,Consumer Cyclicals
1962.0,0.5012205243110657,1.0,CONG.DE,2014-10-02,Consumer Cyclicals
1963.0,0.499855637550354,1.0,CONG.DE,2014-10-06,Consumer Cyclicals
1964.0,0.49811241030693054,1.0,CONG.DE,2014-10-07,Consumer Cyclicals
1965.0,0.49804699420928955,0.0,CONG.DE,2014-10-08,Consumer Cyclicals
1966.0,0.49769869446754456,1.0,CONG.DE,2014-10-09,Consumer Cyclicals
1967.0,0.49867090582847595,0.0,CONG.DE,2014-10-10,Consumer Cyclicals
1968.0,0.4991568624973297,1.0,CONG.DE,2014-10-13,Consumer Cyclicals
1969.0,0.4990362823009491,1.0,CONG.DE,2014-10-14,Consumer Cyclicals
1970.0,0.4987099766731262,1.0,CONG.DE,2014-10-15,Consumer Cyclicals
1971.0,0.498418390750885,1.0,CONG.DE,2014-10-16,Consumer Cyclicals
1972.0,0.49918892979621887,1.0,CONG.DE,2014-10-17,Consumer Cyclicals
1973.0,0.4999765455722809,0.0,CONG.DE,2014-10-20,Consumer Cyclicals
1974.0,0.4989858865737915,1.0,CONG.DE,2014-10-21,Consumer Cyclicals
1975.0,0.4996047616004944,1.0,CONG.DE,2014-10-22,Consumer Cyclicals
1976.0,0.4989994466304779,0.0,CONG.DE,2014-10-23,Consumer Cyclicals
1977.0,0.4994741678237915,0.0,CONG.DE,2014-10-24,Consumer Cyclicals
1978.0,0.5020102262496948,0.0,CONG.DE,2014-10-27,Consumer Cyclicals
1979.0,0.5018801689147949,0.0,CONG.DE,2014-10-28,Consumer Cyclicals
1980.0,0.5045257210731506,1.0,CONG.DE,2014-10-29,Consumer Cyclicals
1981.0,0.5087677836418152,1.0,CONG.DE,2014-10-30,Consumer Cyclicals
1982.0,0.5076639652252197,0.0,CONG.DE,2014-10-31,Consumer Cyclicals
1983.0,0.5087283253669739,1.0,CONG.DE,2014-11-03,Consumer Cyclicals
1984.0,0.5088409781455994,1.0,CONG.DE,2014-11-04,Consumer Cyclicals
1985.0,0.5075221657752991,0.0,CONG.DE,2014-11-05,Consumer Cyclicals
1986.0,0.5056061148643494,0.0,CONG.DE,2014-11-06,Consumer Cyclicals
1987.0,0.5038731098175049,1.0,CONG.DE,2014-11-07,Consumer Cyclicals
1988.0,0.50377357006073,1.0,CONG.DE,2014-11-10,Consumer Cyclicals
1989.0,0.503847062587738,0.0,CONG.DE,2014-11-11,Consumer Cyclicals
1990.0,0.5040736198425293,0.0,CONG.DE,2014-11-12,Consumer Cyclicals
1991.0,0.5051670670509338,0.0,CONG.DE,2014-11-13,Consumer Cyclicals
1992.0,0.5049739480018616,1.0,CONG.DE,2014-11-14,Consumer Cyclicals
1993.0,0.5044175982475281,0.0,CONG.DE,2014-11-17,Consumer Cyclicals
1994.0,0.5036811232566833,0.0,CONG.DE,2014-11-18,Consumer Cyclicals
1995.0,0.5032727718353271,0.0,CONG.DE,2014-11-19,Consumer Cyclicals
1996.0,0.5020506381988525,1.0,CONG.DE,2014-11-20,Consumer Cyclicals
1997.0,0.5018283128738403,1.0,CONG.DE,2014-11-21,Consumer Cyclicals
1998.0,0.5009844303131104,1.0,CONG.DE,2014-11-24,Consumer Cyclicals
1999.0,0.4992615878582001,1.0,CONG.DE,2014-11-25,Consumer Cyclicals
2000.0,0.5005826950073242,0.0,DB1Gn.DE,2013-11-28,Financials
2001.0,0.5009093880653381,1.0,DB1Gn.DE,2013-11-29,Financials
2002.0,0.5011003613471985,0.0,DB1Gn.DE,2013-12-02,Financials
2003.0,0.5010479688644409,1.0,DB1Gn.DE,2013-12-03,Financials
2004.0,0.5009438395500183,0.0,DB1Gn.DE,2013-12-04,Financials
2005.0,0.502619743347168,1.0,DB1Gn.DE,2013-12-05,Financials
2006.0,0.5022908449172974,1.0,DB1Gn.DE,2013-12-06,Financials
2007.0,0.5003184080123901,0.0,DB1Gn.DE,2013-12-09,Financials
2008.0,0.4989946186542511,0.0,DB1Gn.DE,2013-12-10,Financials
2009.0,0.4984232783317566,0.0,DB1Gn.DE,2013-12-11,Financials
2010.0,0.4995546042919159,1.0,DB1Gn.DE,2013-12-12,Financials
2011.0,0.4996483325958252,0.0,DB1Gn.DE,2013-12-13,Financials
2012.0,0.4991549849510193,1.0,DB1Gn.DE,2013-12-16,Financials
2013.0,0.4985787868499756,1.0,DB1Gn.DE,2013-12-17,Financials
2014.0,0.4982103407382965,0.0,DB1Gn.DE,2013-12-18,Financials
2015.0,0.49763867259025574,1.0,DB1Gn.DE,2013-12-19,Financials
2016.0,0.5002458691596985,1.0,DB1Gn.DE,2013-12-20,Financials
2017.0,0.5015078783035278,1.0,DB1Gn.DE,2013-12-23,Financials
2018.0,0.502229630947113,1.0,DB1Gn.DE,2013-12-27,Financials
2019.0,0.5041924715042114,0.0,DB1Gn.DE,2013-12-30,Financials
2020.0,0.5070414543151855,1.0,DB1Gn.DE,2014-01-02,Financials
2021.0,0.5076746344566345,0.0,DB1Gn.DE,2014-01-03,Financials
2022.0,0.5075602531433105,1.0,DB1Gn.DE,2014-01-06,Financials
2023.0,0.5071267485618591,0.0,DB1Gn.DE,2014-01-07,Financials
2024.0,0.5066018104553223,1.0,DB1Gn.DE,2014-01-08,Financials
2025.0,0.5063451528549194,1.0,DB1Gn.DE,2014-01-09,Financials
2026.0,0.5047696828842163,1.0,DB1Gn.DE,2014-01-10,Financials
2027.0,0.5031114816665649,0.0,DB1Gn.DE,2014-01-13,Financials
2028.0,0.5016660690307617,0.0,DB1Gn.DE,2014-01-14,Financials
2029.0,0.5002714991569519,0.0,DB1Gn.DE,2014-01-15,Financials
2030.0,0.49954819679260254,0.0,DB1Gn.DE,2014-01-16,Financials
2031.0,0.4991926848888397,0.0,DB1Gn.DE,2014-01-17,Financials
2032.0,0.49875831604003906,0.0,DB1Gn.DE,2014-01-20,Financials
2033.0,0.4992676377296448,0.0,DB1Gn.DE,2014-01-21,Financials
2034.0,0.5015722513198853,1.0,DB1Gn.DE,2014-01-22,Financials
2035.0,0.5040259957313538,0.0,DB1Gn.DE,2014-01-23,Financials
2036.0,0.5027005076408386,0.0,DB1Gn.DE,2014-01-24,Financials
2037.0,0.5013959407806396,0.0,DB1Gn.DE,2014-01-27,Financials
2038.0,0.49996986985206604,1.0,DB1Gn.DE,2014-01-28,Financials
2039.0,0.49907034635543823,0.0,DB1Gn.DE,2014-01-29,Financials
2040.0,0.4988340139389038,1.0,DB1Gn.DE,2014-01-30,Financials
2041.0,0.49858275055885315,1.0,DB1Gn.DE,2014-01-31,Financials
2042.0,0.49855372309684753,1.0,DB1Gn.DE,2014-02-03,Financials
2043.0,0.49911582469940186,1.0,DB1Gn.DE,2014-02-04,Financials
2044.0,0.49849003553390503,0.0,DB1Gn.DE,2014-02-05,Financials
2045.0,0.4972531497478485,1.0,DB1Gn.DE,2014-02-06,Financials
2046.0,0.49658483266830444,0.0,DB1Gn.DE,2014-02-07,Financials
2047.0,0.4977012574672699,0.0,DB1Gn.DE,2014-02-10,Financials
2048.0,0.49802225828170776,1.0,DB1Gn.DE,2014-02-11,Financials
2049.0,0.4991343915462494,1.0,DB1Gn.DE,2014-02-12,Financials
2050.0,0.4997590482234955,0.0,DB1Gn.DE,2014-02-13,Financials
2051.0,0.49975523352622986,1.0,DB1Gn.DE,2014-02-14,Financials
2052.0,0.5003400444984436,0.0,DB1Gn.DE,2014-02-17,Financials
2053.0,0.500486433506012,0.0,DB1Gn.DE,2014-02-18,Financials
2054.0,0.5023605227470398,0.0,DB1Gn.DE,2014-02-19,Financials
2055.0,0.5020791888237,0.0,DB1Gn.DE,2014-02-20,Financials
2056.0,0.501883864402771,1.0,DB1Gn.DE,2014-02-21,Financials
2057.0,0.5037384033203125,0.0,DB1Gn.DE,2014-02-24,Financials
2058.0,0.5050181746482849,0.0,DB1Gn.DE,2014-02-25,Financials
2059.0,0.5040925741195679,0.0,DB1Gn.DE,2014-02-26,Financials
2060.0,0.5041494369506836,0.0,DB1Gn.DE,2014-02-27,Financials
2061.0,0.5031235218048096,1.0,DB1Gn.DE,2014-02-28,Financials
2062.0,0.5015734434127808,0.0,DB1Gn.DE,2014-03-03,Financials
2063.0,0.5007739663124084,1.0,DB1Gn.DE,2014-03-04,Financials
2064.0,0.49980396032333374,1.0,DB1Gn.DE,2014-03-05,Financials
2065.0,0.501355767250061,0.0,DB1Gn.DE,2014-03-06,Financials
2066.0,0.5017341375350952,1.0,DB1Gn.DE,2014-03-07,Financials
2067.0,0.501635730266571,1.0,DB1Gn.DE,2014-03-10,Financials
2068.0,0.5007782578468323,1.0,DB1Gn.DE,2014-03-11,Financials
2069.0,0.4995417594909668,0.0,DB1Gn.DE,2014-03-12,Financials
2070.0,0.5011983513832092,1.0,DB1Gn.DE,2014-03-13,Financials
2071.0,0.5016307234764099,1.0,DB1Gn.DE,2014-03-14,Financials
2072.0,0.5011694431304932,1.0,DB1Gn.DE,2014-03-17,Financials
2073.0,0.5002318620681763,1.0,DB1Gn.DE,2014-03-18,Financials
2074.0,0.49993205070495605,1.0,DB1Gn.DE,2014-03-19,Financials
2075.0,0.5003156065940857,0.0,DB1Gn.DE,2014-03-20,Financials
2076.0,0.4997135102748871,0.0,DB1Gn.DE,2014-03-21,Financials
2077.0,0.499134361743927,1.0,DB1Gn.DE,2014-03-24,Financials
2078.0,0.4992740750312805,0.0,DB1Gn.DE,2014-03-25,Financials
2079.0,0.5004911422729492,0.0,DB1Gn.DE,2014-03-26,Financials
2080.0,0.5018645524978638,1.0,DB1Gn.DE,2014-03-27,Financials
2081.0,0.5024523735046387,0.0,DB1Gn.DE,2014-03-28,Financials
2082.0,0.502285897731781,0.0,DB1Gn.DE,2014-03-31,Financials
2083.0,0.5015435814857483,0.0,DB1Gn.DE,2014-04-01,Financials
2084.0,0.5010045766830444,0.0,DB1Gn.DE,2014-04-02,Financials
2085.0,0.5014948844909668,1.0,DB1Gn.DE,2014-04-03,Financials
2086.0,0.5022907853126526,0.0,DB1Gn.DE,2014-04-04,Financials
2087.0,0.5028730630874634,1.0,DB1Gn.DE,2014-04-07,Financials
2088.0,0.5032210946083069,0.0,DB1Gn.DE,2014-04-08,Financials
2089.0,0.5026290416717529,0.0,DB1Gn.DE,2014-04-09,Financials
2090.0,0.500454843044281,0.0,DB1Gn.DE,2014-04-10,Financials
2091.0,0.5003130435943604,0.0,DB1Gn.DE,2014-04-11,Financials
2092.0,0.49998417496681213,0.0,DB1Gn.DE,2014-04-14,Financials
2093.0,0.49915948510169983,0.0,DB1Gn.DE,2014-04-15,Financials
2094.0,0.49868491291999817,0.0,DB1Gn.DE,2014-04-16,Financials
2095.0,0.49821996688842773,1.0,DB1Gn.DE,2014-04-17,Financials
2096.0,0.49770158529281616,1.0,DB1Gn.DE,2014-04-22,Financials
2097.0,0.4970102608203888,1.0,DB1Gn.DE,2014-04-23,Financials
2098.0,0.496870756149292,0.0,DB1Gn.DE,2014-04-24,Financials
2099.0,0.4963642358779907,0.0,DB1Gn.DE,2014-04-25,Financials
2100.0,0.49735793471336365,1.0,DB1Gn.DE,2014-04-28,Financials
2101.0,0.49894171953201294,0.0,DB1Gn.DE,2014-04-29,Financials
2102.0,0.5005719065666199,0.0,DB1Gn.DE,2014-04-30,Financials
2103.0,0.5019869804382324,1.0,DB1Gn.DE,2014-05-02,Financials
2104.0,0.5042694807052612,1.0,DB1Gn.DE,2014-05-05,Financials
2105.0,0.5040946006774902,1.0,DB1Gn.DE,2014-05-06,Financials
2106.0,0.5031165480613708,0.0,DB1Gn.DE,2014-05-07,Financials
2107.0,0.5011705756187439,1.0,DB1Gn.DE,2014-05-08,Financials
2108.0,0.5012049674987793,1.0,DB1Gn.DE,2014-05-09,Financials
2109.0,0.5010302066802979,1.0,DB1Gn.DE,2014-05-12,Financials
2110.0,0.5001907348632812,1.0,DB1Gn.DE,2014-05-13,Financials
2111.0,0.4992479383945465,0.0,DB1Gn.DE,2014-05-14,Financials
2112.0,0.499785840511322,1.0,DB1Gn.DE,2014-05-15,Financials
2113.0,0.500744104385376,1.0,DB1Gn.DE,2014-05-16,Financials
2114.0,0.50124192237854,1.0,DB1Gn.DE,2014-05-19,Financials
2115.0,0.5008587837219238,1.0,DB1Gn.DE,2014-05-20,Financials
2116.0,0.5028789639472961,1.0,DB1Gn.DE,2014-05-21,Financials
2117.0,0.5036473870277405,0.0,DB1Gn.DE,2014-05-22,Financials
2118.0,0.5043273568153381,0.0,DB1Gn.DE,2014-05-23,Financials
2119.0,0.5045815706253052,1.0,DB1Gn.DE,2014-05-26,Financials
2120.0,0.5029522180557251,1.0,DB1Gn.DE,2014-05-27,Financials
2121.0,0.5017843246459961,1.0,DB1Gn.DE,2014-05-28,Financials
2122.0,0.501038134098053,0.0,DB1Gn.DE,2014-05-29,Financials
2123.0,0.5013951659202576,1.0,DB1Gn.DE,2014-05-30,Financials
2124.0,0.5012103319168091,0.0,DB1Gn.DE,2014-06-02,Financials
2125.0,0.5015518665313721,0.0,DB1Gn.DE,2014-06-03,Financials
2126.0,0.5011335611343384,1.0,DB1Gn.DE,2014-06-04,Financials
2127.0,0.5010151863098145,0.0,DB1Gn.DE,2014-06-05,Financials
2128.0,0.5017167925834656,1.0,DB1Gn.DE,2014-06-06,Financials
2129.0,0.5022923946380615,1.0,DB1Gn.DE,2014-06-09,Financials
2130.0,0.5023993253707886,1.0,DB1Gn.DE,2014-06-10,Financials
2131.0,0.5018445253372192,1.0,DB1Gn.DE,2014-06-11,Financials
2132.0,0.5022974610328674,1.0,DB1Gn.DE,2014-06-12,Financials
2133.0,0.5012673735618591,1.0,DB1Gn.DE,2014-06-13,Financials
2134.0,0.5001626014709473,1.0,DB1Gn.DE,2014-06-16,Financials
2135.0,0.500359833240509,1.0,DB1Gn.DE,2014-06-17,Financials
2136.0,0.49981123208999634,0.0,DB1Gn.DE,2014-06-18,Financials
2137.0,0.5001800060272217,0.0,DB1Gn.DE,2014-06-19,Financials
2138.0,0.5005008578300476,0.0,DB1Gn.DE,2014-06-20,Financials
2139.0,0.5007727742195129,1.0,DB1Gn.DE,2014-06-23,Financials
2140.0,0.5007063150405884,0.0,DB1Gn.DE,2014-06-24,Financials
2141.0,0.5006474852561951,1.0,DB1Gn.DE,2014-06-25,Financials
2142.0,0.5005505681037903,1.0,DB1Gn.DE,2014-06-26,Financials
2143.0,0.5001817941665649,1.0,DB1Gn.DE,2014-06-27,Financials
2144.0,0.5007123947143555,1.0,DB1Gn.DE,2014-06-30,Financials
2145.0,0.5005329251289368,0.0,DB1Gn.DE,2014-07-01,Financials
2146.0,0.500352144241333,0.0,DB1Gn.DE,2014-07-02,Financials
2147.0,0.49958735704421997,0.0,DB1Gn.DE,2014-07-03,Financials
2148.0,0.4990544021129608,0.0,DB1Gn.DE,2014-07-04,Financials
2149.0,0.4983924627304077,0.0,DB1Gn.DE,2014-07-07,Financials
2150.0,0.4982987940311432,1.0,DB1Gn.DE,2014-07-08,Financials
2151.0,0.49904346466064453,0.0,DB1Gn.DE,2014-07-09,Financials
2152.0,0.501419186592102,1.0,DB1Gn.DE,2014-07-10,Financials
2153.0,0.5026074647903442,0.0,DB1Gn.DE,2014-07-11,Financials
2154.0,0.5028985738754272,1.0,DB1Gn.DE,2014-07-14,Financials
2155.0,0.5027310252189636,1.0,DB1Gn.DE,2014-07-15,Financials
2156.0,0.5022591948509216,0.0,DB1Gn.DE,2014-07-16,Financials
2157.0,0.5013203620910645,1.0,DB1Gn.DE,2014-07-17,Financials
2158.0,0.49932101368904114,1.0,DB1Gn.DE,2014-07-18,Financials
2159.0,0.4979963004589081,0.0,DB1Gn.DE,2014-07-21,Financials
2160.0,0.49743345379829407,0.0,DB1Gn.DE,2014-07-22,Financials
2161.0,0.4972021281719208,0.0,DB1Gn.DE,2014-07-23,Financials
2162.0,0.4973715543746948,0.0,DB1Gn.DE,2014-07-24,Financials
2163.0,0.4987017512321472,1.0,DB1Gn.DE,2014-07-25,Financials
2164.0,0.4992692172527313,0.0,DB1Gn.DE,2014-07-28,Financials
2165.0,0.4999384582042694,1.0,DB1Gn.DE,2014-07-29,Financials
2166.0,0.5000636577606201,1.0,DB1Gn.DE,2014-07-30,Financials
2167.0,0.5007196664810181,1.0,DB1Gn.DE,2014-07-31,Financials
2168.0,0.500054657459259,1.0,DB1Gn.DE,2014-08-01,Financials
2169.0,0.5005166530609131,1.0,DB1Gn.DE,2014-08-04,Financials
2170.0,0.5007961392402649,0.0,DB1Gn.DE,2014-08-05,Financials
2171.0,0.5009744167327881,0.0,DB1Gn.DE,2014-08-06,Financials
2172.0,0.5006566047668457,1.0,DB1Gn.DE,2014-08-07,Financials
2173.0,0.5003228187561035,1.0,DB1Gn.DE,2014-08-08,Financials
2174.0,0.501384973526001,0.0,DB1Gn.DE,2014-08-11,Financials
2175.0,0.5018216967582703,1.0,DB1Gn.DE,2014-08-12,Financials
2176.0,0.5010464191436768,0.0,DB1Gn.DE,2014-08-13,Financials
2177.0,0.49961337447166443,1.0,DB1Gn.DE,2014-08-14,Financials
2178.0,0.49901139736175537,0.0,DB1Gn.DE,2014-08-15,Financials
2179.0,0.4988209903240204,1.0,DB1Gn.DE,2014-08-18,Financials
2180.0,0.4981108605861664,1.0,DB1Gn.DE,2014-08-19,Financials
2181.0,0.4977724552154541,1.0,DB1Gn.DE,2014-08-20,Financials
2182.0,0.49884462356567383,0.0,DB1Gn.DE,2014-08-21,Financials
2183.0,0.5008010268211365,1.0,DB1Gn.DE,2014-08-22,Financials
2184.0,0.5016915202140808,0.0,DB1Gn.DE,2014-08-25,Financials
2185.0,0.5014598369598389,1.0,DB1Gn.DE,2014-08-26,Financials
2186.0,0.502284824848175,1.0,DB1Gn.DE,2014-08-27,Financials
2187.0,0.5010699033737183,0.0,DB1Gn.DE,2014-08-28,Financials
2188.0,0.5018361210823059,0.0,DB1Gn.DE,2014-08-29,Financials
2189.0,0.5031275153160095,1.0,DB1Gn.DE,2014-09-01,Financials
2190.0,0.5038224458694458,1.0,DB1Gn.DE,2014-09-02,Financials
2191.0,0.5033889412879944,0.0,DB1Gn.DE,2014-09-03,Financials
2192.0,0.5025265216827393,0.0,DB1Gn.DE,2014-09-04,Financials
2193.0,0.5025084018707275,0.0,DB1Gn.DE,2014-09-05,Financials
2194.0,0.5029265880584717,1.0,DB1Gn.DE,2014-09-08,Financials
2195.0,0.5026090741157532,0.0,DB1Gn.DE,2014-09-09,Financials
2196.0,0.5008310079574585,1.0,DB1Gn.DE,2014-09-10,Financials
2197.0,0.4996359944343567,0.0,DB1Gn.DE,2014-09-11,Financials
2198.0,0.49996739625930786,1.0,DB1Gn.DE,2014-09-12,Financials
2199.0,0.5006023049354553,0.0,DB1Gn.DE,2014-09-15,Financials
2200.0,0.5014531016349792,1.0,DB1Gn.DE,2014-09-16,Financials
2201.0,0.5013832449913025,0.0,DB1Gn.DE,2014-09-17,Financials
2202.0,0.5005614161491394,0.0,DB1Gn.DE,2014-09-18,Financials
2203.0,0.5005197525024414,1.0,DB1Gn.DE,2014-09-19,Financials
2204.0,0.4998565912246704,1.0,DB1Gn.DE,2014-09-22,Financials
2205.0,0.49962177872657776,1.0,DB1Gn.DE,2014-09-23,Financials
2206.0,0.49876323342323303,0.0,DB1Gn.DE,2014-09-24,Financials
2207.0,0.499431312084198,0.0,DB1Gn.DE,2014-09-25,Financials
2208.0,0.4996625781059265,0.0,DB1Gn.DE,2014-09-26,Financials
2209.0,0.5012940764427185,1.0,DB1Gn.DE,2014-09-29,Financials
2210.0,0.5012513399124146,0.0,DB1Gn.DE,2014-09-30,Financials
2211.0,0.50151127576828,0.0,DB1Gn.DE,2014-10-01,Financials
2212.0,0.501945972442627,1.0,DB1Gn.DE,2014-10-02,Financials
2213.0,0.5018213391304016,0.0,DB1Gn.DE,2014-10-06,Financials
2214.0,0.5014410614967346,0.0,DB1Gn.DE,2014-10-07,Financials
2215.0,0.5012193322181702,1.0,DB1Gn.DE,2014-10-08,Financials
2216.0,0.4998062551021576,1.0,DB1Gn.DE,2014-10-09,Financials
2217.0,0.49871134757995605,1.0,DB1Gn.DE,2014-10-10,Financials
2218.0,0.498246431350708,0.0,DB1Gn.DE,2014-10-13,Financials
2219.0,0.49826711416244507,0.0,DB1Gn.DE,2014-10-14,Financials
2220.0,0.49773797392845154,1.0,DB1Gn.DE,2014-10-15,Financials
2221.0,0.4974389970302582,1.0,DB1Gn.DE,2014-10-16,Financials
2222.0,0.49783390760421753,0.0,DB1Gn.DE,2014-10-17,Financials
2223.0,0.49750033020973206,0.0,DB1Gn.DE,2014-10-20,Financials
2224.0,0.4985748827457428,0.0,DB1Gn.DE,2014-10-21,Financials
2225.0,0.4993794858455658,1.0,DB1Gn.DE,2014-10-22,Financials
2226.0,0.4994717538356781,0.0,DB1Gn.DE,2014-10-23,Financials
2227.0,0.49935027956962585,0.0,DB1Gn.DE,2014-10-24,Financials
2228.0,0.49912312626838684,1.0,DB1Gn.DE,2014-10-27,Financials
2229.0,0.4984700679779053,1.0,DB1Gn.DE,2014-10-28,Financials
2230.0,0.49898529052734375,0.0,DB1Gn.DE,2014-10-29,Financials
2231.0,0.5017227530479431,0.0,DB1Gn.DE,2014-10-30,Financials
2232.0,0.5016122460365295,0.0,DB1Gn.DE,2014-10-31,Financials
2233.0,0.5018047094345093,0.0,DB1Gn.DE,2014-11-03,Financials
2234.0,0.5042223930358887,1.0,DB1Gn.DE,2014-11-04,Financials
2235.0,0.505000650882721,1.0,DB1Gn.DE,2014-11-05,Financials
2236.0,0.5040668845176697,1.0,DB1Gn.DE,2014-11-06,Financials
2237.0,0.5029085874557495,1.0,DB1Gn.DE,2014-11-07,Financials
2238.0,0.5044705867767334,0.0,DB1Gn.DE,2014-11-10,Financials
2239.0,0.5042473077774048,1.0,DB1Gn.DE,2014-11-11,Financials
2240.0,0.5037122368812561,1.0,DB1Gn.DE,2014-11-12,Financials
2241.0,0.5035802721977234,0.0,DB1Gn.DE,2014-11-13,Financials
2242.0,0.5021228194236755,0.0,DB1Gn.DE,2014-11-14,Financials
2243.0,0.5015895366668701,0.0,DB1Gn.DE,2014-11-17,Financials
2244.0,0.5022649765014648,0.0,DB1Gn.DE,2014-11-18,Financials
2245.0,0.5027976632118225,0.0,DB1Gn.DE,2014-11-19,Financials
2246.0,0.5026211142539978,0.0,DB1Gn.DE,2014-11-20,Financials
2247.0,0.5026111006736755,0.0,DB1Gn.DE,2014-11-21,Financials
2248.0,0.50243079662323,1.0,DB1Gn.DE,2014-11-24,Financials
2249.0,0.5011699795722961,0.0,DB1Gn.DE,2014-11-25,Financials
2250.0,0.4987773597240448,1.0,DBKGn.DE,2013-11-28,Financials
2251.0,0.49958088994026184,1.0,DBKGn.DE,2013-11-29,Financials
2252.0,0.49954554438591003,0.0,DBKGn.DE,2013-12-02,Financials
2253.0,0.49953025579452515,1.0,DBKGn.DE,2013-12-03,Financials
2254.0,0.49969765543937683,0.0,DBKGn.DE,2013-12-04,Financials
2255.0,0.5021471381187439,0.0,DBKGn.DE,2013-12-05,Financials
2256.0,0.50284743309021,1.0,DBKGn.DE,2013-12-06,Financials
2257.0,0.501088559627533,1.0,DBKGn.DE,2013-12-09,Financials
2258.0,0.4996662735939026,0.0,DBKGn.DE,2013-12-10,Financials
2259.0,0.49830561876296997,0.0,DBKGn.DE,2013-12-11,Financials
2260.0,0.4984869062900543,0.0,DBKGn.DE,2013-12-12,Financials
2261.0,0.49901553988456726,1.0,DBKGn.DE,2013-12-13,Financials
2262.0,0.4986807405948639,1.0,DBKGn.DE,2013-12-16,Financials
2263.0,0.49847087264060974,0.0,DBKGn.DE,2013-12-17,Financials
2264.0,0.49814900755882263,0.0,DBKGn.DE,2013-12-18,Financials
2265.0,0.49825239181518555,1.0,DBKGn.DE,2013-12-19,Financials
2266.0,0.49971574544906616,1.0,DBKGn.DE,2013-12-20,Financials
2267.0,0.4996391534805298,1.0,DBKGn.DE,2013-12-23,Financials
2268.0,0.499401718378067,0.0,DBKGn.DE,2013-12-27,Financials
2269.0,0.5005236864089966,1.0,DBKGn.DE,2013-12-30,Financials
2270.0,0.5020473003387451,1.0,DBKGn.DE,2014-01-02,Financials
2271.0,0.5032402873039246,1.0,DBKGn.DE,2014-01-03,Financials
2272.0,0.5041151642799377,1.0,DBKGn.DE,2014-01-06,Financials
2273.0,0.5047090649604797,1.0,DBKGn.DE,2014-01-07,Financials
2274.0,0.5050750374794006,1.0,DBKGn.DE,2014-01-08,Financials
2275.0,0.504919707775116,1.0,DBKGn.DE,2014-01-09,Financials
2276.0,0.5041018724441528,1.0,DBKGn.DE,2014-01-10,Financials
2277.0,0.5031918883323669,1.0,DBKGn.DE,2014-01-13,Financials
2278.0,0.5023742914199829,1.0,DBKGn.DE,2014-01-14,Financials
2279.0,0.5005881786346436,1.0,DBKGn.DE,2014-01-15,Financials
2280.0,0.5003823637962341,0.0,DBKGn.DE,2014-01-16,Financials
2281.0,0.500431478023529,0.0,DBKGn.DE,2014-01-17,Financials
2282.0,0.5027547478675842,0.0,DBKGn.DE,2014-01-20,Financials
2283.0,0.5046333074569702,1.0,DBKGn.DE,2014-01-21,Financials
2284.0,0.5041941404342651,0.0,DBKGn.DE,2014-01-22,Financials
2285.0,0.5048397183418274,1.0,DBKGn.DE,2014-01-23,Financials
2286.0,0.5083534121513367,1.0,DBKGn.DE,2014-01-24,Financials
2287.0,0.5080482959747314,1.0,DBKGn.DE,2014-01-27,Financials
2288.0,0.5094029307365417,0.0,DBKGn.DE,2014-01-28,Financials
2289.0,0.5070828199386597,1.0,DBKGn.DE,2014-01-29,Financials
2290.0,0.5046741366386414,1.0,DBKGn.DE,2014-01-30,Financials
2291.0,0.5010645985603333,0.0,DBKGn.DE,2014-01-31,Financials
2292.0,0.4995225965976715,0.0,DBKGn.DE,2014-02-03,Financials
2293.0,0.4989754855632782,0.0,DBKGn.DE,2014-02-04,Financials
2294.0,0.49896445870399475,1.0,DBKGn.DE,2014-02-05,Financials
2295.0,0.49844303727149963,1.0,DBKGn.DE,2014-02-06,Financials
2296.0,0.49817022681236267,0.0,DBKGn.DE,2014-02-07,Financials
2297.0,0.4988054633140564,0.0,DBKGn.DE,2014-02-10,Financials
2298.0,0.49898892641067505,0.0,DBKGn.DE,2014-02-11,Financials
2299.0,0.499828964471817,1.0,DBKGn.DE,2014-02-12,Financials
2300.0,0.4990674555301666,0.0,DBKGn.DE,2014-02-13,Financials
2301.0,0.49809396266937256,0.0,DBKGn.DE,2014-02-14,Financials
2302.0,0.4976121187210083,1.0,DBKGn.DE,2014-02-17,Financials
2303.0,0.49823498725891113,1.0,DBKGn.DE,2014-02-18,Financials
2304.0,0.5000575184822083,0.0,DBKGn.DE,2014-02-19,Financials
2305.0,0.5004591941833496,0.0,DBKGn.DE,2014-02-20,Financials
2306.0,0.5002167224884033,0.0,DBKGn.DE,2014-02-21,Financials
2307.0,0.501049280166626,1.0,DBKGn.DE,2014-02-24,Financials
2308.0,0.5022439360618591,0.0,DBKGn.DE,2014-02-25,Financials
2309.0,0.5022087693214417,0.0,DBKGn.DE,2014-02-26,Financials
2310.0,0.5019215941429138,1.0,DBKGn.DE,2014-02-27,Financials
2311.0,0.5017112493515015,0.0,DBKGn.DE,2014-02-28,Financials
2312.0,0.501939058303833,1.0,DBKGn.DE,2014-03-03,Financials
2313.0,0.5012331604957581,0.0,DBKGn.DE,2014-03-04,Financials
2314.0,0.5003634095191956,0.0,DBKGn.DE,2014-03-05,Financials
2315.0,0.5000502467155457,1.0,DBKGn.DE,2014-03-06,Financials
2316.0,0.5009790062904358,0.0,DBKGn.DE,2014-03-07,Financials
2317.0,0.5010030269622803,0.0,DBKGn.DE,2014-03-10,Financials
2318.0,0.5001152753829956,0.0,DBKGn.DE,2014-03-11,Financials
2319.0,0.49893710017204285,0.0,DBKGn.DE,2014-03-12,Financials
2320.0,0.4996079206466675,0.0,DBKGn.DE,2014-03-13,Financials
2321.0,0.499687135219574,0.0,DBKGn.DE,2014-03-14,Financials
2322.0,0.5006674528121948,0.0,DBKGn.DE,2014-03-17,Financials
2323.0,0.4997479021549225,1.0,DBKGn.DE,2014-03-18,Financials
2324.0,0.49879297614097595,1.0,DBKGn.DE,2014-03-19,Financials
2325.0,0.4982830286026001,1.0,DBKGn.DE,2014-03-20,Financials
2326.0,0.4975954592227936,0.0,DBKGn.DE,2014-03-21,Financials
2327.0,0.49675610661506653,0.0,DBKGn.DE,2014-03-24,Financials
2328.0,0.4962072968482971,0.0,DBKGn.DE,2014-03-25,Financials
2329.0,0.4970068335533142,0.0,DBKGn.DE,2014-03-26,Financials
2330.0,0.4989803433418274,0.0,DBKGn.DE,2014-03-27,Financials
2331.0,0.5014348030090332,0.0,DBKGn.DE,2014-03-28,Financials
2332.0,0.5025870203971863,1.0,DBKGn.DE,2014-03-31,Financials
2333.0,0.5023494958877563,1.0,DBKGn.DE,2014-04-01,Financials
2334.0,0.5007966756820679,1.0,DBKGn.DE,2014-04-02,Financials
2335.0,0.5011217594146729,0.0,DBKGn.DE,2014-04-03,Financials
2336.0,0.5018214583396912,0.0,DBKGn.DE,2014-04-04,Financials
2337.0,0.5015079975128174,0.0,DBKGn.DE,2014-04-07,Financials
2338.0,0.5023474097251892,0.0,DBKGn.DE,2014-04-08,Financials
2339.0,0.502869188785553,1.0,DBKGn.DE,2014-04-09,Financials
2340.0,0.5047443509101868,0.0,DBKGn.DE,2014-04-10,Financials
2341.0,0.5035012364387512,0.0,DBKGn.DE,2014-04-11,Financials
2342.0,0.5029764175415039,1.0,DBKGn.DE,2014-04-14,Financials
2343.0,0.5012056231498718,0.0,DBKGn.DE,2014-04-15,Financials
2344.0,0.5001906156539917,0.0,DBKGn.DE,2014-04-16,Financials
2345.0,0.5000390410423279,1.0,DBKGn.DE,2014-04-17,Financials
2346.0,0.4994926452636719,0.0,DBKGn.DE,2014-04-22,Financials
2347.0,0.498460054397583,0.0,DBKGn.DE,2014-04-23,Financials
2348.0,0.498800128698349,0.0,DBKGn.DE,2014-04-24,Financials
2349.0,0.49832436442375183,0.0,DBKGn.DE,2014-04-25,Financials
2350.0,0.49881982803344727,0.0,DBKGn.DE,2014-04-28,Financials
2351.0,0.5004647970199585,1.0,DBKGn.DE,2014-04-29,Financials
2352.0,0.5023680925369263,0.0,DBKGn.DE,2014-04-30,Financials
2353.0,0.5040785670280457,1.0,DBKGn.DE,2014-05-02,Financials
2354.0,0.5050271153450012,0.0,DBKGn.DE,2014-05-05,Financials
2355.0,0.504088819026947,0.0,DBKGn.DE,2014-05-06,Financials
2356.0,0.502968430519104,0.0,DBKGn.DE,2014-05-07,Financials
2357.0,0.500964879989624,1.0,DBKGn.DE,2014-05-08,Financials
2358.0,0.5003488659858704,0.0,DBKGn.DE,2014-05-09,Financials
2359.0,0.5017908215522766,0.0,DBKGn.DE,2014-05-12,Financials
2360.0,0.5014024972915649,1.0,DBKGn.DE,2014-05-13,Financials
2361.0,0.5004712343215942,0.0,DBKGn.DE,2014-05-14,Financials
2362.0,0.4998185932636261,0.0,DBKGn.DE,2014-05-15,Financials
2363.0,0.4990828335285187,1.0,DBKGn.DE,2014-05-16,Financials
2364.0,0.49792855978012085,0.0,DBKGn.DE,2014-05-19,Financials
2365.0,0.4977368414402008,1.0,DBKGn.DE,2014-05-20,Financials
2366.0,0.4992561936378479,0.0,DBKGn.DE,2014-05-21,Financials
2367.0,0.4997119903564453,1.0,DBKGn.DE,2014-05-22,Financials
2368.0,0.5004079937934875,1.0,DBKGn.DE,2014-05-23,Financials
2369.0,0.5013788342475891,0.0,DBKGn.DE,2014-05-26,Financials
2370.0,0.5013459324836731,0.0,DBKGn.DE,2014-05-27,Financials
2371.0,0.5003620982170105,0.0,DBKGn.DE,2014-05-28,Financials
2372.0,0.5000616908073425,0.0,DBKGn.DE,2014-05-29,Financials
2373.0,0.4991236925125122,0.0,DBKGn.DE,2014-05-30,Financials
2374.0,0.4990450143814087,0.0,DBKGn.DE,2014-06-02,Financials
2375.0,0.49915164709091187,0.0,DBKGn.DE,2014-06-03,Financials
2376.0,0.4998573362827301,1.0,DBKGn.DE,2014-06-04,Financials
2377.0,0.5010367035865784,0.0,DBKGn.DE,2014-06-05,Financials
2378.0,0.5018832683563232,1.0,DBKGn.DE,2014-06-06,Financials
2379.0,0.5023993849754333,1.0,DBKGn.DE,2014-06-09,Financials
2380.0,0.5022515058517456,0.0,DBKGn.DE,2014-06-10,Financials
2381.0,0.5015904307365417,1.0,DBKGn.DE,2014-06-11,Financials
2382.0,0.5003224611282349,0.0,DBKGn.DE,2014-06-12,Financials
2383.0,0.4997739791870117,1.0,DBKGn.DE,2014-06-13,Financials
2384.0,0.4993937015533447,0.0,DBKGn.DE,2014-06-16,Financials
2385.0,0.499767541885376,0.0,DBKGn.DE,2014-06-17,Financials
2386.0,0.4984258711338043,1.0,DBKGn.DE,2014-06-18,Financials
2387.0,0.5003074407577515,1.0,DBKGn.DE,2014-06-19,Financials
2388.0,0.5016178488731384,0.0,DBKGn.DE,2014-06-20,Financials
2389.0,0.501741886138916,1.0,DBKGn.DE,2014-06-23,Financials
2390.0,0.5017066597938538,0.0,DBKGn.DE,2014-06-24,Financials
2391.0,0.5010474920272827,1.0,DBKGn.DE,2014-06-25,Financials
2392.0,0.5007251501083374,0.0,DBKGn.DE,2014-06-26,Financials
2393.0,0.4998537302017212,0.0,DBKGn.DE,2014-06-27,Financials
2394.0,0.4994087815284729,0.0,DBKGn.DE,2014-06-30,Financials
2395.0,0.49980804324150085,0.0,DBKGn.DE,2014-07-01,Financials
2396.0,0.5010856986045837,0.0,DBKGn.DE,2014-07-02,Financials
2397.0,0.5001502633094788,1.0,DBKGn.DE,2014-07-03,Financials
2398.0,0.49980637431144714,1.0,DBKGn.DE,2014-07-04,Financials
2399.0,0.4997148811817169,0.0,DBKGn.DE,2014-07-07,Financials
2400.0,0.4993732273578644,0.0,DBKGn.DE,2014-07-08,Financials
2401.0,0.4984064996242523,1.0,DBKGn.DE,2014-07-09,Financials
2402.0,0.4982934892177582,0.0,DBKGn.DE,2014-07-10,Financials
2403.0,0.4980800449848175,0.0,DBKGn.DE,2014-07-11,Financials
2404.0,0.49858200550079346,1.0,DBKGn.DE,2014-07-14,Financials
2405.0,0.49925726652145386,1.0,DBKGn.DE,2014-07-15,Financials
2406.0,0.5017117261886597,1.0,DBKGn.DE,2014-07-16,Financials
2407.0,0.5025498867034912,0.0,DBKGn.DE,2014-07-17,Financials
2408.0,0.5017131567001343,1.0,DBKGn.DE,2014-07-18,Financials
2409.0,0.5001749992370605,1.0,DBKGn.DE,2014-07-21,Financials
2410.0,0.5010340213775635,0.0,DBKGn.DE,2014-07-22,Financials
2411.0,0.5003246665000916,0.0,DBKGn.DE,2014-07-23,Financials
2412.0,0.5000551342964172,1.0,DBKGn.DE,2014-07-24,Financials
2413.0,0.5018593668937683,1.0,DBKGn.DE,2014-07-25,Financials
2414.0,0.5039685964584351,1.0,DBKGn.DE,2014-07-28,Financials
2415.0,0.5054653882980347,0.0,DBKGn.DE,2014-07-29,Financials
2416.0,0.5044942498207092,0.0,DBKGn.DE,2014-07-30,Financials
2417.0,0.5039141774177551,0.0,DBKGn.DE,2014-07-31,Financials
2418.0,0.5024830102920532,1.0,DBKGn.DE,2014-08-01,Financials
2419.0,0.502332329750061,0.0,DBKGn.DE,2014-08-04,Financials
2420.0,0.5016210675239563,0.0,DBKGn.DE,2014-08-05,Financials
2421.0,0.5023886561393738,0.0,DBKGn.DE,2014-08-06,Financials
2422.0,0.5019729137420654,1.0,DBKGn.DE,2014-08-07,Financials
2423.0,0.5015057921409607,1.0,DBKGn.DE,2014-08-08,Financials
2424.0,0.5012767314910889,0.0,DBKGn.DE,2014-08-11,Financials
2425.0,0.500275731086731,1.0,DBKGn.DE,2014-08-12,Financials
2426.0,0.49870744347572327,1.0,DBKGn.DE,2014-08-13,Financials
2427.0,0.4974789023399353,0.0,DBKGn.DE,2014-08-14,Financials
2428.0,0.4970060884952545,1.0,DBKGn.DE,2014-08-15,Financials
2429.0,0.496712863445282,0.0,DBKGn.DE,2014-08-18,Financials
2430.0,0.4966946542263031,0.0,DBKGn.DE,2014-08-19,Financials
2431.0,0.4971569776535034,1.0,DBKGn.DE,2014-08-20,Financials
2432.0,0.4977526068687439,1.0,DBKGn.DE,2014-08-21,Financials
2433.0,0.498457670211792,1.0,DBKGn.DE,2014-08-22,Financials
2434.0,0.49883970618247986,1.0,DBKGn.DE,2014-08-25,Financials
2435.0,0.5001872777938843,1.0,DBKGn.DE,2014-08-26,Financials
2436.0,0.5004024505615234,1.0,DBKGn.DE,2014-08-27,Financials
2437.0,0.4999186098575592,0.0,DBKGn.DE,2014-08-28,Financials
2438.0,0.5006127953529358,0.0,DBKGn.DE,2014-08-29,Financials
2439.0,0.5012253522872925,0.0,DBKGn.DE,2014-09-01,Financials
2440.0,0.5014441609382629,1.0,DBKGn.DE,2014-09-02,Financials
2441.0,0.5020728707313538,1.0,DBKGn.DE,2014-09-03,Financials
2442.0,0.5023600459098816,1.0,DBKGn.DE,2014-09-04,Financials
2443.0,0.5039911270141602,0.0,DBKGn.DE,2014-09-05,Financials
2444.0,0.5056134462356567,1.0,DBKGn.DE,2014-09-08,Financials
2445.0,0.5061496496200562,0.0,DBKGn.DE,2014-09-09,Financials
2446.0,0.504135012626648,1.0,DBKGn.DE,2014-09-10,Financials
2447.0,0.5025995373725891,1.0,DBKGn.DE,2014-09-11,Financials
2448.0,0.501441478729248,0.0,DBKGn.DE,2014-09-12,Financials
2449.0,0.5009551048278809,0.0,DBKGn.DE,2014-09-15,Financials
2450.0,0.5024305582046509,1.0,DBKGn.DE,2014-09-16,Financials
2451.0,0.5034968256950378,1.0,DBKGn.DE,2014-09-17,Financials
2452.0,0.5033618807792664,1.0,DBKGn.DE,2014-09-18,Financials
2453.0,0.5029524564743042,1.0,DBKGn.DE,2014-09-19,Financials
2454.0,0.5018140077590942,0.0,DBKGn.DE,2014-09-22,Financials
2455.0,0.5017397999763489,0.0,DBKGn.DE,2014-09-23,Financials
2456.0,0.5015221238136292,1.0,DBKGn.DE,2014-09-24,Financials
2457.0,0.5006726980209351,1.0,DBKGn.DE,2014-09-25,Financials
2458.0,0.4998520314693451,1.0,DBKGn.DE,2014-09-26,Financials
2459.0,0.4994024336338043,0.0,DBKGn.DE,2014-09-29,Financials
2460.0,0.49970540404319763,1.0,DBKGn.DE,2014-09-30,Financials
2461.0,0.5016053915023804,1.0,DBKGn.DE,2014-10-01,Financials
2462.0,0.5036680102348328,0.0,DBKGn.DE,2014-10-02,Financials
2463.0,0.5031468868255615,1.0,DBKGn.DE,2014-10-06,Financials
2464.0,0.5013144612312317,0.0,DBKGn.DE,2014-10-07,Financials
2465.0,0.5012346506118774,0.0,DBKGn.DE,2014-10-08,Financials
2466.0,0.5003640055656433,0.0,DBKGn.DE,2014-10-09,Financials
2467.0,0.5002270340919495,1.0,DBKGn.DE,2014-10-10,Financials
2468.0,0.49972498416900635,0.0,DBKGn.DE,2014-10-13,Financials
2469.0,0.5002945065498352,0.0,DBKGn.DE,2014-10-14,Financials
2470.0,0.5003674030303955,0.0,DBKGn.DE,2014-10-15,Financials
2471.0,0.4989415407180786,0.0,DBKGn.DE,2014-10-16,Financials
2472.0,0.49924805760383606,1.0,DBKGn.DE,2014-10-17,Financials
2473.0,0.4985799193382263,1.0,DBKGn.DE,2014-10-20,Financials
2474.0,0.4980138838291168,1.0,DBKGn.DE,2014-10-21,Financials
2475.0,0.4975227117538452,0.0,DBKGn.DE,2014-10-22,Financials
2476.0,0.49684619903564453,1.0,DBKGn.DE,2014-10-23,Financials
2477.0,0.4966368079185486,1.0,DBKGn.DE,2014-10-24,Financials
2478.0,0.49685904383659363,0.0,DBKGn.DE,2014-10-27,Financials
2479.0,0.4964580237865448,1.0,DBKGn.DE,2014-10-28,Financials
2480.0,0.49587973952293396,0.0,DBKGn.DE,2014-10-29,Financials
2481.0,0.49768757820129395,0.0,DBKGn.DE,2014-10-30,Financials
2482.0,0.4992486536502838,1.0,DBKGn.DE,2014-10-31,Financials
2483.0,0.5023143291473389,1.0,DBKGn.DE,2014-11-03,Financials
2484.0,0.5036477446556091,0.0,DBKGn.DE,2014-11-04,Financials
2485.0,0.5047696828842163,0.0,DBKGn.DE,2014-11-05,Financials
2486.0,0.5046406984329224,0.0,DBKGn.DE,2014-11-06,Financials
2487.0,0.5032477974891663,0.0,DBKGn.DE,2014-11-07,Financials
2488.0,0.504212498664856,0.0,DBKGn.DE,2014-11-10,Financials
2489.0,0.5027452707290649,0.0,DBKGn.DE,2014-11-11,Financials
2490.0,0.5012829899787903,0.0,DBKGn.DE,2014-11-12,Financials
2491.0,0.502526044845581,1.0,DBKGn.DE,2014-11-13,Financials
2492.0,0.5027074813842773,1.0,DBKGn.DE,2014-11-14,Financials
2493.0,0.5017691850662231,1.0,DBKGn.DE,2014-11-17,Financials
2494.0,0.5022566914558411,0.0,DBKGn.DE,2014-11-18,Financials
2495.0,0.5022382140159607,1.0,DBKGn.DE,2014-11-19,Financials
2496.0,0.5012126564979553,0.0,DBKGn.DE,2014-11-20,Financials
2497.0,0.5005515217781067,1.0,DBKGn.DE,2014-11-21,Financials
2498.0,0.5003723502159119,1.0,DBKGn.DE,2014-11-24,Financials
2499.0,0.49948379397392273,1.0,DBKGn.DE,2014-11-25,Financials
2500.0,0.5021631121635437,1.0,DHLn.DE,2013-11-28,Industrials
2501.0,0.5023156404495239,0.0,DHLn.DE,2013-11-29,Industrials
2502.0,0.5018004179000854,1.0,DHLn.DE,2013-12-02,Industrials
2503.0,0.5006541609764099,0.0,DHLn.DE,2013-12-03,Industrials
2504.0,0.499908983707428,0.0,DHLn.DE,2013-12-04,Industrials
2505.0,0.5030576586723328,0.0,DHLn.DE,2013-12-05,Industrials
2506.0,0.5042561292648315,1.0,DHLn.DE,2013-12-06,Industrials
2507.0,0.50188148021698,1.0,DHLn.DE,2013-12-09,Industrials
2508.0,0.49998071789741516,1.0,DHLn.DE,2013-12-10,Industrials
2509.0,0.4986133575439453,0.0,DHLn.DE,2013-12-11,Industrials
2510.0,0.49964386224746704,1.0,DHLn.DE,2013-12-12,Industrials
2511.0,0.5007461309432983,0.0,DHLn.DE,2013-12-13,Industrials
2512.0,0.5008554458618164,0.0,DHLn.DE,2013-12-16,Industrials
2513.0,0.5003243088722229,0.0,DHLn.DE,2013-12-17,Industrials
2514.0,0.5001860857009888,1.0,DHLn.DE,2013-12-18,Industrials
2515.0,0.499744176864624,1.0,DHLn.DE,2013-12-19,Industrials
2516.0,0.5002400279045105,1.0,DHLn.DE,2013-12-20,Industrials
2517.0,0.49977368116378784,0.0,DHLn.DE,2013-12-23,Industrials
2518.0,0.5013108849525452,0.0,DHLn.DE,2013-12-27,Industrials
2519.0,0.5049781203269958,0.0,DHLn.DE,2013-12-30,Industrials
2520.0,0.5066062211990356,0.0,DHLn.DE,2014-01-02,Industrials
2521.0,0.5066465735435486,0.0,DHLn.DE,2014-01-03,Industrials
2522.0,0.5061080455780029,1.0,DHLn.DE,2014-01-06,Industrials
2523.0,0.5054047703742981,0.0,DHLn.DE,2014-01-07,Industrials
2524.0,0.5047236084938049,0.0,DHLn.DE,2014-01-08,Industrials
2525.0,0.5043729543685913,0.0,DHLn.DE,2014-01-09,Industrials
2526.0,0.5029599070549011,1.0,DHLn.DE,2014-01-10,Industrials
2527.0,0.5014691352844238,0.0,DHLn.DE,2014-01-13,Industrials
2528.0,0.5001852512359619,1.0,DHLn.DE,2014-01-14,Industrials
2529.0,0.49855586886405945,0.0,DHLn.DE,2014-01-15,Industrials
2530.0,0.4981537163257599,1.0,DHLn.DE,2014-01-16,Industrials
2531.0,0.49824416637420654,1.0,DHLn.DE,2014-01-17,Industrials
2532.0,0.49866047501564026,1.0,DHLn.DE,2014-01-20,Industrials
2533.0,0.49915647506713867,1.0,DHLn.DE,2014-01-21,Industrials
2534.0,0.49872031807899475,0.0,DHLn.DE,2014-01-22,Industrials
2535.0,0.49954259395599365,0.0,DHLn.DE,2014-01-23,Industrials
2536.0,0.4999450147151947,0.0,DHLn.DE,2014-01-24,Industrials
2537.0,0.5003221035003662,1.0,DHLn.DE,2014-01-27,Industrials
2538.0,0.5012036561965942,1.0,DHLn.DE,2014-01-28,Industrials
2539.0,0.5014331340789795,1.0,DHLn.DE,2014-01-29,Industrials
2540.0,0.5020826458930969,1.0,DHLn.DE,2014-01-30,Industrials
2541.0,0.5021041631698608,0.0,DHLn.DE,2014-01-31,Industrials
2542.0,0.5024511814117432,0.0,DHLn.DE,2014-02-03,Industrials
2543.0,0.5019338726997375,1.0,DHLn.DE,2014-02-04,Industrials
2544.0,0.5007288455963135,0.0,DHLn.DE,2014-02-05,Industrials
2545.0,0.4985416829586029,0.0,DHLn.DE,2014-02-06,Industrials
2546.0,0.4977790117263794,1.0,DHLn.DE,2014-02-07,Industrials
2547.0,0.49892914295196533,0.0,DHLn.DE,2014-02-10,Industrials
2548.0,0.4996721148490906,1.0,DHLn.DE,2014-02-11,Industrials
2549.0,0.5012353658676147,1.0,DHLn.DE,2014-02-12,Industrials
2550.0,0.5007243156433105,0.0,DHLn.DE,2014-02-13,Industrials
2551.0,0.49962785840034485,0.0,DHLn.DE,2014-02-14,Industrials
2552.0,0.499053031206131,1.0,DHLn.DE,2014-02-17,Industrials
2553.0,0.4989776015281677,1.0,DHLn.DE,2014-02-18,Industrials
2554.0,0.5003268122673035,0.0,DHLn.DE,2014-02-19,Industrials
2555.0,0.5013779997825623,0.0,DHLn.DE,2014-02-20,Industrials
2556.0,0.5011872053146362,1.0,DHLn.DE,2014-02-21,Industrials
2557.0,0.502643883228302,0.0,DHLn.DE,2014-02-24,Industrials
2558.0,0.5041424036026001,1.0,DHLn.DE,2014-02-25,Industrials
2559.0,0.5042524933815002,1.0,DHLn.DE,2014-02-26,Industrials
2560.0,0.5036072134971619,0.0,DHLn.DE,2014-02-27,Industrials
2561.0,0.5032892823219299,1.0,DHLn.DE,2014-02-28,Industrials
2562.0,0.5032892227172852,0.0,DHLn.DE,2014-03-03,Industrials
2563.0,0.5026113390922546,1.0,DHLn.DE,2014-03-04,Industrials
2564.0,0.501165509223938,0.0,DHLn.DE,2014-03-05,Industrials
2565.0,0.5015870332717896,1.0,DHLn.DE,2014-03-06,Industrials
2566.0,0.5014559030532837,0.0,DHLn.DE,2014-03-07,Industrials
2567.0,0.5023268461227417,1.0,DHLn.DE,2014-03-10,Industrials
2568.0,0.502588152885437,0.0,DHLn.DE,2014-03-11,Industrials
2569.0,0.5003531575202942,0.0,DHLn.DE,2014-03-12,Industrials
2570.0,0.5019317269325256,0.0,DHLn.DE,2014-03-13,Industrials
2571.0,0.5018926858901978,1.0,DHLn.DE,2014-03-14,Industrials
2572.0,0.5021575093269348,1.0,DHLn.DE,2014-03-17,Industrials
2573.0,0.5007215738296509,0.0,DHLn.DE,2014-03-18,Industrials
2574.0,0.4998520612716675,0.0,DHLn.DE,2014-03-19,Industrials
2575.0,0.4998313784599304,0.0,DHLn.DE,2014-03-20,Industrials
2576.0,0.4991276264190674,0.0,DHLn.DE,2014-03-21,Industrials
2577.0,0.49819836020469666,1.0,DHLn.DE,2014-03-24,Industrials
2578.0,0.49910077452659607,1.0,DHLn.DE,2014-03-25,Industrials
2579.0,0.5020620822906494,0.0,DHLn.DE,2014-03-26,Industrials
2580.0,0.5029071569442749,0.0,DHLn.DE,2014-03-27,Industrials
2581.0,0.5026291608810425,1.0,DHLn.DE,2014-03-28,Industrials
2582.0,0.5024135708808899,0.0,DHLn.DE,2014-03-31,Industrials
2583.0,0.5022990107536316,1.0,DHLn.DE,2014-04-01,Industrials
2584.0,0.5034373998641968,1.0,DHLn.DE,2014-04-02,Industrials
2585.0,0.506285548210144,0.0,DHLn.DE,2014-04-03,Industrials
2586.0,0.5066523551940918,0.0,DHLn.DE,2014-04-04,Industrials
2587.0,0.5056850910186768,0.0,DHLn.DE,2014-04-07,Industrials
2588.0,0.5064179301261902,0.0,DHLn.DE,2014-04-08,Industrials
2589.0,0.5043055415153503,1.0,DHLn.DE,2014-04-09,Industrials
2590.0,0.5068397521972656,0.0,DHLn.DE,2014-04-10,Industrials
2591.0,0.5058586597442627,0.0,DHLn.DE,2014-04-11,Industrials
2592.0,0.505031406879425,0.0,DHLn.DE,2014-04-14,Industrials
2593.0,0.5026326775550842,1.0,DHLn.DE,2014-04-15,Industrials
2594.0,0.5007193684577942,1.0,DHLn.DE,2014-04-16,Industrials
2595.0,0.5006546378135681,1.0,DHLn.DE,2014-04-17,Industrials
2596.0,0.5000960826873779,1.0,DHLn.DE,2014-04-22,Industrials
2597.0,0.4991005063056946,0.0,DHLn.DE,2014-04-23,Industrials
2598.0,0.4981537163257599,1.0,DHLn.DE,2014-04-24,Industrials
2599.0,0.4977229833602905,0.0,DHLn.DE,2014-04-25,Industrials
2600.0,0.4993329644203186,0.0,DHLn.DE,2014-04-28,Industrials
2601.0,0.500916063785553,0.0,DHLn.DE,2014-04-29,Industrials
2602.0,0.5022234916687012,1.0,DHLn.DE,2014-04-30,Industrials
2603.0,0.5032163858413696,0.0,DHLn.DE,2014-05-02,Industrials
2604.0,0.5055035948753357,0.0,DHLn.DE,2014-05-05,Industrials
2605.0,0.5045937895774841,1.0,DHLn.DE,2014-05-06,Industrials
2606.0,0.5043236017227173,0.0,DHLn.DE,2014-05-07,Industrials
2607.0,0.5021845102310181,1.0,DHLn.DE,2014-05-08,Industrials
2608.0,0.5009608864784241,1.0,DHLn.DE,2014-05-09,Industrials
2609.0,0.5009060502052307,0.0,DHLn.DE,2014-05-12,Industrials
2610.0,0.5025104284286499,0.0,DHLn.DE,2014-05-13,Industrials
2611.0,0.5045164823532104,1.0,DHLn.DE,2014-05-14,Industrials
2612.0,0.503780722618103,0.0,DHLn.DE,2014-05-15,Industrials
2613.0,0.5028349161148071,1.0,DHLn.DE,2014-05-16,Industrials
2614.0,0.502228856086731,1.0,DHLn.DE,2014-05-19,Industrials
2615.0,0.5018419623374939,1.0,DHLn.DE,2014-05-20,Industrials
2616.0,0.502975583076477,0.0,DHLn.DE,2014-05-21,Industrials
2617.0,0.5029852390289307,0.0,DHLn.DE,2014-05-22,Industrials
2618.0,0.5030903220176697,1.0,DHLn.DE,2014-05-23,Industrials
2619.0,0.5029918551445007,1.0,DHLn.DE,2014-05-26,Industrials
2620.0,0.5026187896728516,1.0,DHLn.DE,2014-05-27,Industrials
2621.0,0.5002174973487854,0.0,DHLn.DE,2014-05-28,Industrials
2622.0,0.4998002052307129,1.0,DHLn.DE,2014-05-29,Industrials
2623.0,0.5003159642219543,1.0,DHLn.DE,2014-05-30,Industrials
2624.0,0.5006909966468811,1.0,DHLn.DE,2014-06-02,Industrials
2625.0,0.5010480880737305,0.0,DHLn.DE,2014-06-03,Industrials
2626.0,0.5011405944824219,1.0,DHLn.DE,2014-06-04,Industrials
2627.0,0.5016364455223083,1.0,DHLn.DE,2014-06-05,Industrials
2628.0,0.5031176209449768,1.0,DHLn.DE,2014-06-06,Industrials
2629.0,0.5045672059059143,0.0,DHLn.DE,2014-06-09,Industrials
2630.0,0.5044130086898804,0.0,DHLn.DE,2014-06-10,Industrials
2631.0,0.5037258863449097,0.0,DHLn.DE,2014-06-11,Industrials
2632.0,0.5032575726509094,0.0,DHLn.DE,2014-06-12,Industrials
2633.0,0.5028288960456848,0.0,DHLn.DE,2014-06-13,Industrials
2634.0,0.5016354918479919,0.0,DHLn.DE,2014-06-16,Industrials
2635.0,0.5012211203575134,0.0,DHLn.DE,2014-06-17,Industrials
2636.0,0.5013962984085083,1.0,DHLn.DE,2014-06-18,Industrials
2637.0,0.5015193819999695,1.0,DHLn.DE,2014-06-19,Industrials
2638.0,0.5011122822761536,0.0,DHLn.DE,2014-06-20,Industrials
2639.0,0.5008373856544495,1.0,DHLn.DE,2014-06-23,Industrials
2640.0,0.49944257736206055,0.0,DHLn.DE,2014-06-24,Industrials
2641.0,0.49870845675468445,1.0,DHLn.DE,2014-06-25,Industrials
2642.0,0.49814218282699585,1.0,DHLn.DE,2014-06-26,Industrials
2643.0,0.4979066848754883,1.0,DHLn.DE,2014-06-27,Industrials
2644.0,0.4981755018234253,0.0,DHLn.DE,2014-06-30,Industrials
2645.0,0.4988124966621399,0.0,DHLn.DE,2014-07-01,Industrials
2646.0,0.4999296963214874,0.0,DHLn.DE,2014-07-02,Industrials
2647.0,0.4996325969696045,1.0,DHLn.DE,2014-07-03,Industrials
2648.0,0.4993719160556793,0.0,DHLn.DE,2014-07-04,Industrials
2649.0,0.4990399479866028,1.0,DHLn.DE,2014-07-07,Industrials
2650.0,0.49915963411331177,0.0,DHLn.DE,2014-07-08,Industrials
2651.0,0.4997386634349823,1.0,DHLn.DE,2014-07-09,Industrials
2652.0,0.5009019374847412,0.0,DHLn.DE,2014-07-10,Industrials
2653.0,0.5010519027709961,1.0,DHLn.DE,2014-07-11,Industrials
2654.0,0.5011880397796631,0.0,DHLn.DE,2014-07-14,Industrials
2655.0,0.5010441541671753,1.0,DHLn.DE,2014-07-15,Industrials
2656.0,0.502652645111084,0.0,DHLn.DE,2014-07-16,Industrials
2657.0,0.5025051832199097,0.0,DHLn.DE,2014-07-17,Industrials
2658.0,0.501457929611206,0.0,DHLn.DE,2014-07-18,Industrials
2659.0,0.4998258650302887,0.0,DHLn.DE,2014-07-21,Industrials
2660.0,0.499733030796051,0.0,DHLn.DE,2014-07-22,Industrials
2661.0,0.498761922121048,0.0,DHLn.DE,2014-07-23,Industrials
2662.0,0.4987320005893707,0.0,DHLn.DE,2014-07-24,Industrials
2663.0,0.49977821111679077,0.0,DHLn.DE,2014-07-25,Industrials
2664.0,0.49989354610443115,0.0,DHLn.DE,2014-07-28,Industrials
2665.0,0.5008902549743652,0.0,DHLn.DE,2014-07-29,Industrials
2666.0,0.5002102851867676,1.0,DHLn.DE,2014-07-30,Industrials
2667.0,0.4991651773452759,1.0,DHLn.DE,2014-07-31,Industrials
2668.0,0.49814870953559875,0.0,DHLn.DE,2014-08-01,Industrials
2669.0,0.49866679310798645,0.0,DHLn.DE,2014-08-04,Industrials
2670.0,0.4992375373840332,1.0,DHLn.DE,2014-08-05,Industrials
2671.0,0.4999549686908722,1.0,DHLn.DE,2014-08-06,Industrials
2672.0,0.49924686551094055,0.0,DHLn.DE,2014-08-07,Industrials
2673.0,0.4980843961238861,1.0,DHLn.DE,2014-08-08,Industrials
2674.0,0.4980549216270447,1.0,DHLn.DE,2014-08-11,Industrials
2675.0,0.49875104427337646,0.0,DHLn.DE,2014-08-12,Industrials
2676.0,0.49857375025749207,0.0,DHLn.DE,2014-08-13,Industrials
2677.0,0.497883141040802,0.0,DHLn.DE,2014-08-14,Industrials
2678.0,0.4974154531955719,1.0,DHLn.DE,2014-08-15,Industrials
2679.0,0.4991145133972168,0.0,DHLn.DE,2014-08-18,Industrials
2680.0,0.4998829960823059,1.0,DHLn.DE,2014-08-19,Industrials
2681.0,0.49976667761802673,1.0,DHLn.DE,2014-08-20,Industrials
2682.0,0.4998600482940674,1.0,DHLn.DE,2014-08-21,Industrials
2683.0,0.5019129514694214,1.0,DHLn.DE,2014-08-22,Industrials
2684.0,0.5015352964401245,1.0,DHLn.DE,2014-08-25,Industrials
2685.0,0.5019786953926086,1.0,DHLn.DE,2014-08-26,Industrials
2686.0,0.5020985007286072,1.0,DHLn.DE,2014-08-27,Industrials
2687.0,0.5014963150024414,0.0,DHLn.DE,2014-08-28,Industrials
2688.0,0.5023559331893921,0.0,DHLn.DE,2014-08-29,Industrials
2689.0,0.5041708946228027,0.0,DHLn.DE,2014-09-01,Industrials
2690.0,0.5040854811668396,0.0,DHLn.DE,2014-09-02,Industrials
2691.0,0.504266083240509,0.0,DHLn.DE,2014-09-03,Industrials
2692.0,0.5035709142684937,1.0,DHLn.DE,2014-09-04,Industrials
2693.0,0.5045938491821289,0.0,DHLn.DE,2014-09-05,Industrials
2694.0,0.5054158568382263,0.0,DHLn.DE,2014-09-08,Industrials
2695.0,0.5049459934234619,1.0,DHLn.DE,2014-09-09,Industrials
2696.0,0.5029470324516296,0.0,DHLn.DE,2014-09-10,Industrials
2697.0,0.5015349388122559,0.0,DHLn.DE,2014-09-11,Industrials
2698.0,0.5006545782089233,1.0,DHLn.DE,2014-09-12,Industrials
2699.0,0.5003642439842224,0.0,DHLn.DE,2014-09-15,Industrials
2700.0,0.5011111497879028,1.0,DHLn.DE,2014-09-16,Industrials
2701.0,0.5026731491088867,1.0,DHLn.DE,2014-09-17,Industrials
2702.0,0.5027364492416382,1.0,DHLn.DE,2014-09-18,Industrials
2703.0,0.5021992921829224,1.0,DHLn.DE,2014-09-19,Industrials
2704.0,0.5012632012367249,1.0,DHLn.DE,2014-09-22,Industrials
2705.0,0.500535249710083,0.0,DHLn.DE,2014-09-23,Industrials
2706.0,0.500013530254364,0.0,DHLn.DE,2014-09-24,Industrials
2707.0,0.4998151957988739,1.0,DHLn.DE,2014-09-25,Industrials
2708.0,0.49895229935646057,0.0,DHLn.DE,2014-09-26,Industrials
2709.0,0.49897390604019165,1.0,DHLn.DE,2014-09-29,Industrials
2710.0,0.5002540349960327,1.0,DHLn.DE,2014-09-30,Industrials
2711.0,0.5017832517623901,0.0,DHLn.DE,2014-10-01,Industrials
2712.0,0.5027725696563721,0.0,DHLn.DE,2014-10-02,Industrials
2713.0,0.5025070905685425,0.0,DHLn.DE,2014-10-06,Industrials
2714.0,0.5009698271751404,0.0,DHLn.DE,2014-10-07,Industrials
2715.0,0.5001036524772644,0.0,DHLn.DE,2014-10-08,Industrials
2716.0,0.4992593824863434,0.0,DHLn.DE,2014-10-09,Industrials
2717.0,0.49902811646461487,1.0,DHLn.DE,2014-10-10,Industrials
2718.0,0.49879899621009827,0.0,DHLn.DE,2014-10-13,Industrials
2719.0,0.49933627247810364,1.0,DHLn.DE,2014-10-14,Industrials
2720.0,0.4990280270576477,0.0,DHLn.DE,2014-10-15,Industrials
2721.0,0.49788081645965576,1.0,DHLn.DE,2014-10-16,Industrials
2722.0,0.4978175461292267,0.0,DHLn.DE,2014-10-17,Industrials
2723.0,0.49726033210754395,1.0,DHLn.DE,2014-10-20,Industrials
2724.0,0.4967453181743622,0.0,DHLn.DE,2014-10-21,Industrials
2725.0,0.4969000518321991,1.0,DHLn.DE,2014-10-22,Industrials
2726.0,0.49659669399261475,0.0,DHLn.DE,2014-10-23,Industrials
2727.0,0.49673891067504883,1.0,DHLn.DE,2014-10-24,Industrials
2728.0,0.4973607659339905,1.0,DHLn.DE,2014-10-27,Industrials
2729.0,0.49689075350761414,0.0,DHLn.DE,2014-10-28,Industrials
2730.0,0.49725809693336487,1.0,DHLn.DE,2014-10-29,Industrials
2731.0,0.4999130964279175,1.0,DHLn.DE,2014-10-30,Industrials
2732.0,0.5014526844024658,1.0,DHLn.DE,2014-10-31,Industrials
2733.0,0.5030849575996399,0.0,DHLn.DE,2014-11-03,Industrials
2734.0,0.5043686628341675,1.0,DHLn.DE,2014-11-04,Industrials
2735.0,0.5051111578941345,1.0,DHLn.DE,2014-11-05,Industrials
2736.0,0.5047064423561096,1.0,DHLn.DE,2014-11-06,Industrials
2737.0,0.5034973621368408,0.0,DHLn.DE,2014-11-07,Industrials
2738.0,0.5035602450370789,0.0,DHLn.DE,2014-11-10,Industrials
2739.0,0.5034046769142151,1.0,DHLn.DE,2014-11-11,Industrials
2740.0,0.5037587285041809,0.0,DHLn.DE,2014-11-12,Industrials
2741.0,0.5056315064430237,1.0,DHLn.DE,2014-11-13,Industrials
2742.0,0.5043936967849731,0.0,DHLn.DE,2014-11-14,Industrials
2743.0,0.5030630826950073,0.0,DHLn.DE,2014-11-17,Industrials
2744.0,0.5035312175750732,1.0,DHLn.DE,2014-11-18,Industrials
2745.0,0.5036668181419373,0.0,DHLn.DE,2014-11-19,Industrials
2746.0,0.5022880434989929,0.0,DHLn.DE,2014-11-20,Industrials
2747.0,0.501686155796051,1.0,DHLn.DE,2014-11-21,Industrials
2748.0,0.5012690424919128,1.0,DHLn.DE,2014-11-24,Industrials
2749.0,0.49942684173583984,1.0,DHLn.DE,2014-11-25,Industrials
2750.0,0.4996412396430969,0.0,DTEGn.DE,2013-11-28,Technology
2751.0,0.5003653764724731,0.0,DTEGn.DE,2013-11-29,Technology
2752.0,0.5005165338516235,0.0,DTEGn.DE,2013-12-02,Technology
2753.0,0.5004234313964844,0.0,DTEGn.DE,2013-12-03,Technology
2754.0,0.5010666251182556,1.0,DTEGn.DE,2013-12-04,Technology
2755.0,0.503757119178772,1.0,DTEGn.DE,2013-12-05,Technology
2756.0,0.5033198595046997,1.0,DTEGn.DE,2013-12-06,Technology
2757.0,0.49999240040779114,1.0,DTEGn.DE,2013-12-09,Technology
2758.0,0.4991781711578369,1.0,DTEGn.DE,2013-12-10,Technology
2759.0,0.4989393353462219,0.0,DTEGn.DE,2013-12-11,Technology
2760.0,0.5002519488334656,1.0,DTEGn.DE,2013-12-12,Technology
2761.0,0.5009135007858276,1.0,DTEGn.DE,2013-12-13,Technology
2762.0,0.5006222724914551,1.0,DTEGn.DE,2013-12-16,Technology
2763.0,0.5001079440116882,1.0,DTEGn.DE,2013-12-17,Technology
2764.0,0.4996470510959625,1.0,DTEGn.DE,2013-12-18,Technology
2765.0,0.4993864893913269,1.0,DTEGn.DE,2013-12-19,Technology
2766.0,0.5024304389953613,0.0,DTEGn.DE,2013-12-20,Technology
2767.0,0.502874493598938,0.0,DTEGn.DE,2013-12-23,Technology
2768.0,0.504332423210144,1.0,DTEGn.DE,2013-12-27,Technology
2769.0,0.5069733262062073,0.0,DTEGn.DE,2013-12-30,Technology
2770.0,0.5066623091697693,0.0,DTEGn.DE,2014-01-02,Technology
2771.0,0.5058897137641907,1.0,DTEGn.DE,2014-01-03,Technology
2772.0,0.5049895644187927,0.0,DTEGn.DE,2014-01-06,Technology
2773.0,0.5041663646697998,1.0,DTEGn.DE,2014-01-07,Technology
2774.0,0.5034832954406738,0.0,DTEGn.DE,2014-01-08,Technology
2775.0,0.5036516189575195,1.0,DTEGn.DE,2014-01-09,Technology
2776.0,0.5021205544471741,0.0,DTEGn.DE,2014-01-10,Technology
2777.0,0.500373899936676,0.0,DTEGn.DE,2014-01-13,Technology
2778.0,0.49884921312332153,1.0,DTEGn.DE,2014-01-14,Technology
2779.0,0.49733132123947144,1.0,DTEGn.DE,2014-01-15,Technology
2780.0,0.4975426197052002,0.0,DTEGn.DE,2014-01-16,Technology
2781.0,0.4977433383464813,0.0,DTEGn.DE,2014-01-17,Technology
2782.0,0.4984270930290222,1.0,DTEGn.DE,2014-01-20,Technology
2783.0,0.4988487958908081,1.0,DTEGn.DE,2014-01-21,Technology
2784.0,0.49934130907058716,1.0,DTEGn.DE,2014-01-22,Technology
2785.0,0.49952101707458496,1.0,DTEGn.DE,2014-01-23,Technology
2786.0,0.49963027238845825,1.0,DTEGn.DE,2014-01-24,Technology
2787.0,0.5010884404182434,0.0,DTEGn.DE,2014-01-27,Technology
2788.0,0.5028923749923706,0.0,DTEGn.DE,2014-01-28,Technology
2789.0,0.5020883083343506,0.0,DTEGn.DE,2014-01-29,Technology
2790.0,0.501653254032135,0.0,DTEGn.DE,2014-01-30,Technology
2791.0,0.5019347071647644,0.0,DTEGn.DE,2014-01-31,Technology
2792.0,0.5023913383483887,0.0,DTEGn.DE,2014-02-03,Technology
2793.0,0.5032086968421936,0.0,DTEGn.DE,2014-02-04,Technology
2794.0,0.5029701590538025,0.0,DTEGn.DE,2014-02-05,Technology
2795.0,0.5013412237167358,1.0,DTEGn.DE,2014-02-06,Technology
2796.0,0.5000526309013367,1.0,DTEGn.DE,2014-02-07,Technology
2797.0,0.49921202659606934,0.0,DTEGn.DE,2014-02-10,Technology
2798.0,0.49836933612823486,0.0,DTEGn.DE,2014-02-11,Technology
2799.0,0.4980240762233734,0.0,DTEGn.DE,2014-02-12,Technology
2800.0,0.49743157625198364,1.0,DTEGn.DE,2014-02-13,Technology
2801.0,0.4965192675590515,0.0,DTEGn.DE,2014-02-14,Technology
2802.0,0.4958702325820923,1.0,DTEGn.DE,2014-02-17,Technology
2803.0,0.495967835187912,1.0,DTEGn.DE,2014-02-18,Technology
2804.0,0.49781396985054016,0.0,DTEGn.DE,2014-02-19,Technology
2805.0,0.49937039613723755,1.0,DTEGn.DE,2014-02-20,Technology
2806.0,0.49967795610427856,1.0,DTEGn.DE,2014-02-21,Technology
2807.0,0.5007634162902832,1.0,DTEGn.DE,2014-02-24,Technology
2808.0,0.501460611820221,1.0,DTEGn.DE,2014-02-25,Technology
2809.0,0.5031795501708984,0.0,DTEGn.DE,2014-02-26,Technology
2810.0,0.5034012794494629,1.0,DTEGn.DE,2014-02-27,Technology
2811.0,0.5036903023719788,0.0,DTEGn.DE,2014-02-28,Technology
2812.0,0.5036661028862,1.0,DTEGn.DE,2014-03-03,Technology
2813.0,0.5030487179756165,1.0,DTEGn.DE,2014-03-04,Technology
2814.0,0.5024434328079224,1.0,DTEGn.DE,2014-03-05,Technology
2815.0,0.5023126006126404,0.0,DTEGn.DE,2014-03-06,Technology
2816.0,0.5034177303314209,0.0,DTEGn.DE,2014-03-07,Technology
2817.0,0.5039617419242859,0.0,DTEGn.DE,2014-03-10,Technology
2818.0,0.5021884441375732,1.0,DTEGn.DE,2014-03-11,Technology
2819.0,0.4985741078853607,1.0,DTEGn.DE,2014-03-12,Technology
2820.0,0.49954766035079956,0.0,DTEGn.DE,2014-03-13,Technology
2821.0,0.5000110268592834,0.0,DTEGn.DE,2014-03-14,Technology
2822.0,0.49884065985679626,0.0,DTEGn.DE,2014-03-17,Technology
2823.0,0.4976503252983093,1.0,DTEGn.DE,2014-03-18,Technology
2824.0,0.4971124231815338,1.0,DTEGn.DE,2014-03-19,Technology
2825.0,0.4985056519508362,0.0,DTEGn.DE,2014-03-20,Technology
2826.0,0.4994097650051117,1.0,DTEGn.DE,2014-03-21,Technology
2827.0,0.49886801838874817,0.0,DTEGn.DE,2014-03-24,Technology
2828.0,0.49856188893318176,1.0,DTEGn.DE,2014-03-25,Technology
2829.0,0.4994940161705017,1.0,DTEGn.DE,2014-03-26,Technology
2830.0,0.5007832050323486,0.0,DTEGn.DE,2014-03-27,Technology
2831.0,0.5016720294952393,1.0,DTEGn.DE,2014-03-28,Technology
2832.0,0.5017496347427368,1.0,DTEGn.DE,2014-03-31,Technology
2833.0,0.5019190907478333,0.0,DTEGn.DE,2014-04-01,Technology
2834.0,0.5009260177612305,1.0,DTEGn.DE,2014-04-02,Technology
2835.0,0.5017554759979248,0.0,DTEGn.DE,2014-04-03,Technology
2836.0,0.5027984976768494,1.0,DTEGn.DE,2014-04-04,Technology
2837.0,0.502700924873352,1.0,DTEGn.DE,2014-04-07,Technology
2838.0,0.5035232305526733,0.0,DTEGn.DE,2014-04-08,Technology
2839.0,0.5032480359077454,0.0,DTEGn.DE,2014-04-09,Technology
2840.0,0.5017496347427368,0.0,DTEGn.DE,2014-04-10,Technology
2841.0,0.5010033249855042,1.0,DTEGn.DE,2014-04-11,Technology
2842.0,0.5010716915130615,1.0,DTEGn.DE,2014-04-14,Technology
2843.0,0.5001572370529175,0.0,DTEGn.DE,2014-04-15,Technology
2844.0,0.4993424117565155,1.0,DTEGn.DE,2014-04-16,Technology
2845.0,0.4990653395652771,0.0,DTEGn.DE,2014-04-17,Technology
2846.0,0.49865442514419556,0.0,DTEGn.DE,2014-04-22,Technology
2847.0,0.49843865633010864,1.0,DTEGn.DE,2014-04-23,Technology
2848.0,0.49936947226524353,1.0,DTEGn.DE,2014-04-24,Technology
2849.0,0.4986034631729126,0.0,DTEGn.DE,2014-04-25,Technology
2850.0,0.5002549290657043,1.0,DTEGn.DE,2014-04-28,Technology
2851.0,0.5013639330863953,1.0,DTEGn.DE,2014-04-29,Technology
2852.0,0.5020925402641296,1.0,DTEGn.DE,2014-04-30,Technology
2853.0,0.5025566220283508,1.0,DTEGn.DE,2014-05-02,Technology
2854.0,0.5038723349571228,1.0,DTEGn.DE,2014-05-05,Technology
2855.0,0.503439724445343,1.0,DTEGn.DE,2014-05-06,Technology
2856.0,0.5035958290100098,1.0,DTEGn.DE,2014-05-07,Technology
2857.0,0.5020521283149719,0.0,DTEGn.DE,2014-05-08,Technology
2858.0,0.501756489276886,1.0,DTEGn.DE,2014-05-09,Technology
2859.0,0.5034591555595398,1.0,DTEGn.DE,2014-05-12,Technology
2860.0,0.5053768157958984,1.0,DTEGn.DE,2014-05-13,Technology
2861.0,0.5070511102676392,0.0,DTEGn.DE,2014-05-14,Technology
2862.0,0.5072572231292725,1.0,DTEGn.DE,2014-05-15,Technology
2863.0,0.5063892602920532,0.0,DTEGn.DE,2014-05-16,Technology
2864.0,0.5048663020133972,0.0,DTEGn.DE,2014-05-19,Technology
2865.0,0.5048576593399048,0.0,DTEGn.DE,2014-05-20,Technology
2866.0,0.504043459892273,0.0,DTEGn.DE,2014-05-21,Technology
2867.0,0.5040649175643921,0.0,DTEGn.DE,2014-05-22,Technology
2868.0,0.5040808916091919,0.0,DTEGn.DE,2014-05-23,Technology
2869.0,0.5038884878158569,0.0,DTEGn.DE,2014-05-26,Technology
2870.0,0.5026929378509521,0.0,DTEGn.DE,2014-05-27,Technology
2871.0,0.5032387971878052,0.0,DTEGn.DE,2014-05-28,Technology
2872.0,0.5022576451301575,0.0,DTEGn.DE,2014-05-29,Technology
2873.0,0.5012180805206299,1.0,DTEGn.DE,2014-05-30,Technology
2874.0,0.4999649226665497,1.0,DTEGn.DE,2014-06-02,Technology
2875.0,0.49925002455711365,0.0,DTEGn.DE,2014-06-03,Technology
2876.0,0.499028742313385,1.0,DTEGn.DE,2014-06-04,Technology
2877.0,0.49896588921546936,1.0,DTEGn.DE,2014-06-05,Technology
2878.0,0.4991622269153595,1.0,DTEGn.DE,2014-06-06,Technology
2879.0,0.4987323582172394,1.0,DTEGn.DE,2014-06-09,Technology
2880.0,0.4981330335140228,1.0,DTEGn.DE,2014-06-10,Technology
2881.0,0.4978860914707184,0.0,DTEGn.DE,2014-06-11,Technology
2882.0,0.498782217502594,1.0,DTEGn.DE,2014-06-12,Technology
2883.0,0.49991071224212646,1.0,DTEGn.DE,2014-06-13,Technology
2884.0,0.49975910782814026,0.0,DTEGn.DE,2014-06-16,Technology
2885.0,0.5001946687698364,0.0,DTEGn.DE,2014-06-17,Technology
2886.0,0.5007845163345337,1.0,DTEGn.DE,2014-06-18,Technology
2887.0,0.5015586614608765,1.0,DTEGn.DE,2014-06-19,Technology
2888.0,0.502051830291748,0.0,DTEGn.DE,2014-06-20,Technology
2889.0,0.5020301342010498,1.0,DTEGn.DE,2014-06-23,Technology
2890.0,0.5010333061218262,1.0,DTEGn.DE,2014-06-24,Technology
2891.0,0.500695526599884,1.0,DTEGn.DE,2014-06-25,Technology
2892.0,0.500708818435669,1.0,DTEGn.DE,2014-06-26,Technology
2893.0,0.5001130700111389,0.0,DTEGn.DE,2014-06-27,Technology
2894.0,0.4999420940876007,0.0,DTEGn.DE,2014-06-30,Technology
2895.0,0.5002994537353516,1.0,DTEGn.DE,2014-07-01,Technology
2896.0,0.5011921525001526,0.0,DTEGn.DE,2014-07-02,Technology
2897.0,0.5009656548500061,0.0,DTEGn.DE,2014-07-03,Technology
2898.0,0.500415027141571,0.0,DTEGn.DE,2014-07-04,Technology
2899.0,0.500549852848053,1.0,DTEGn.DE,2014-07-07,Technology
2900.0,0.5007824897766113,1.0,DTEGn.DE,2014-07-08,Technology
2901.0,0.5006021857261658,1.0,DTEGn.DE,2014-07-09,Technology
2902.0,0.5004842877388,1.0,DTEGn.DE,2014-07-10,Technology
2903.0,0.5004331469535828,1.0,DTEGn.DE,2014-07-11,Technology
2904.0,0.5008652210235596,1.0,DTEGn.DE,2014-07-14,Technology
2905.0,0.4992755055427551,0.0,DTEGn.DE,2014-07-15,Technology
2906.0,0.499246746301651,1.0,DTEGn.DE,2014-07-16,Technology
2907.0,0.4988926947116852,0.0,DTEGn.DE,2014-07-17,Technology
2908.0,0.4983927011489868,0.0,DTEGn.DE,2014-07-18,Technology
2909.0,0.49786388874053955,1.0,DTEGn.DE,2014-07-21,Technology
2910.0,0.49803516268730164,1.0,DTEGn.DE,2014-07-22,Technology
2911.0,0.49791690707206726,0.0,DTEGn.DE,2014-07-23,Technology
2912.0,0.4982421100139618,0.0,DTEGn.DE,2014-07-24,Technology
2913.0,0.4998122751712799,1.0,DTEGn.DE,2014-07-25,Technology
2914.0,0.5000206828117371,1.0,DTEGn.DE,2014-07-28,Technology
2915.0,0.5018585920333862,1.0,DTEGn.DE,2014-07-29,Technology
2916.0,0.5013855695724487,1.0,DTEGn.DE,2014-07-30,Technology
2917.0,0.5005713701248169,1.0,DTEGn.DE,2014-07-31,Technology
2918.0,0.5000160336494446,1.0,DTEGn.DE,2014-08-01,Technology
2919.0,0.5011424422264099,0.0,DTEGn.DE,2014-08-04,Technology
2920.0,0.5010395646095276,0.0,DTEGn.DE,2014-08-05,Technology
2921.0,0.5013089179992676,0.0,DTEGn.DE,2014-08-06,Technology
2922.0,0.5009056925773621,0.0,DTEGn.DE,2014-08-07,Technology
2923.0,0.5010619759559631,0.0,DTEGn.DE,2014-08-08,Technology
2924.0,0.501960813999176,1.0,DTEGn.DE,2014-08-11,Technology
2925.0,0.5017529129981995,0.0,DTEGn.DE,2014-08-12,Technology
2926.0,0.5006691217422485,1.0,DTEGn.DE,2014-08-13,Technology
2927.0,0.5001668930053711,0.0,DTEGn.DE,2014-08-14,Technology
2928.0,0.4991106390953064,1.0,DTEGn.DE,2014-08-15,Technology
2929.0,0.4987967610359192,0.0,DTEGn.DE,2014-08-18,Technology
2930.0,0.49775710701942444,0.0,DTEGn.DE,2014-08-19,Technology
2931.0,0.4969336986541748,0.0,DTEGn.DE,2014-08-20,Technology
2932.0,0.49618834257125854,1.0,DTEGn.DE,2014-08-21,Technology
2933.0,0.4976039528846741,0.0,DTEGn.DE,2014-08-22,Technology
2934.0,0.4979817867279053,1.0,DTEGn.DE,2014-08-25,Technology
2935.0,0.49951255321502686,0.0,DTEGn.DE,2014-08-26,Technology
2936.0,0.4999261796474457,1.0,DTEGn.DE,2014-08-27,Technology
2937.0,0.4996495544910431,1.0,DTEGn.DE,2014-08-28,Technology
2938.0,0.5006158947944641,0.0,DTEGn.DE,2014-08-29,Technology
2939.0,0.5008341073989868,1.0,DTEGn.DE,2014-09-01,Technology
2940.0,0.5007901191711426,1.0,DTEGn.DE,2014-09-02,Technology
2941.0,0.5019285082817078,0.0,DTEGn.DE,2014-09-03,Technology
2942.0,0.5015577673912048,0.0,DTEGn.DE,2014-09-04,Technology
2943.0,0.5024635791778564,0.0,DTEGn.DE,2014-09-05,Technology
2944.0,0.5027772188186646,0.0,DTEGn.DE,2014-09-08,Technology
2945.0,0.503620982170105,1.0,DTEGn.DE,2014-09-09,Technology
2946.0,0.5028660893440247,0.0,DTEGn.DE,2014-09-10,Technology
2947.0,0.5020011067390442,1.0,DTEGn.DE,2014-09-11,Technology
2948.0,0.5020724534988403,0.0,DTEGn.DE,2014-09-12,Technology
2949.0,0.5024179816246033,0.0,DTEGn.DE,2014-09-15,Technology
2950.0,0.5027864575386047,1.0,DTEGn.DE,2014-09-16,Technology
2951.0,0.5027792453765869,0.0,DTEGn.DE,2014-09-17,Technology
2952.0,0.502687394618988,1.0,DTEGn.DE,2014-09-18,Technology
2953.0,0.502331018447876,1.0,DTEGn.DE,2014-09-19,Technology
2954.0,0.5017439723014832,1.0,DTEGn.DE,2014-09-22,Technology
2955.0,0.5006442666053772,1.0,DTEGn.DE,2014-09-23,Technology
2956.0,0.5002910494804382,1.0,DTEGn.DE,2014-09-24,Technology
2957.0,0.49964964389801025,0.0,DTEGn.DE,2014-09-25,Technology
2958.0,0.4994061291217804,1.0,DTEGn.DE,2014-09-26,Technology
2959.0,0.49947524070739746,1.0,DTEGn.DE,2014-09-29,Technology
2960.0,0.49953970313072205,1.0,DTEGn.DE,2014-09-30,Technology
2961.0,0.5000964999198914,0.0,DTEGn.DE,2014-10-01,Technology
2962.0,0.5033950805664062,0.0,DTEGn.DE,2014-10-02,Technology
2963.0,0.504085898399353,0.0,DTEGn.DE,2014-10-06,Technology
2964.0,0.5026581883430481,0.0,DTEGn.DE,2014-10-07,Technology
2965.0,0.503332793712616,0.0,DTEGn.DE,2014-10-08,Technology
2966.0,0.5017799735069275,0.0,DTEGn.DE,2014-10-09,Technology
2967.0,0.5012621283531189,0.0,DTEGn.DE,2014-10-10,Technology
2968.0,0.5007032155990601,1.0,DTEGn.DE,2014-10-13,Technology
2969.0,0.5009762644767761,0.0,DTEGn.DE,2014-10-14,Technology
2970.0,0.500321626663208,0.0,DTEGn.DE,2014-10-15,Technology
2971.0,0.49899086356163025,0.0,DTEGn.DE,2014-10-16,Technology
2972.0,0.4985688328742981,0.0,DTEGn.DE,2014-10-17,Technology
2973.0,0.4979039132595062,1.0,DTEGn.DE,2014-10-20,Technology
2974.0,0.497449666261673,0.0,DTEGn.DE,2014-10-21,Technology
2975.0,0.4972822070121765,0.0,DTEGn.DE,2014-10-22,Technology
2976.0,0.4966585338115692,0.0,DTEGn.DE,2014-10-23,Technology
2977.0,0.4968932569026947,1.0,DTEGn.DE,2014-10-24,Technology
2978.0,0.497091680765152,1.0,DTEGn.DE,2014-10-27,Technology
2979.0,0.49663621187210083,1.0,DTEGn.DE,2014-10-28,Technology
2980.0,0.496293842792511,1.0,DTEGn.DE,2014-10-29,Technology
2981.0,0.49875399470329285,1.0,DTEGn.DE,2014-10-30,Technology
2982.0,0.5000082850456238,1.0,DTEGn.DE,2014-10-31,Technology
2983.0,0.5021517872810364,0.0,DTEGn.DE,2014-11-03,Technology
2984.0,0.5029658079147339,0.0,DTEGn.DE,2014-11-04,Technology
2985.0,0.503286600112915,1.0,DTEGn.DE,2014-11-05,Technology
2986.0,0.5052742958068848,0.0,DTEGn.DE,2014-11-06,Technology
2987.0,0.5047358870506287,1.0,DTEGn.DE,2014-11-07,Technology
2988.0,0.5072365999221802,1.0,DTEGn.DE,2014-11-10,Technology
2989.0,0.5078150629997253,1.0,DTEGn.DE,2014-11-11,Technology
2990.0,0.5072171688079834,0.0,DTEGn.DE,2014-11-12,Technology
2991.0,0.5085616111755371,1.0,DTEGn.DE,2014-11-13,Technology
2992.0,0.5066605806350708,1.0,DTEGn.DE,2014-11-14,Technology
2993.0,0.5043307542800903,1.0,DTEGn.DE,2014-11-17,Technology
2994.0,0.5046505331993103,0.0,DTEGn.DE,2014-11-18,Technology
2995.0,0.5039367079734802,1.0,DTEGn.DE,2014-11-19,Technology
2996.0,0.5031743049621582,1.0,DTEGn.DE,2014-11-20,Technology
2997.0,0.5037392377853394,0.0,DTEGn.DE,2014-11-21,Technology
2998.0,0.5050981640815735,1.0,DTEGn.DE,2014-11-24,Technology
2999.0,0.5034508109092712,0.0,DTEGn.DE,2014-11-25,Technology
3000.0,0.5007526278495789,1.0,EONGn.DE,2013-11-28,Utilities
3001.0,0.5038182735443115,0.0,EONGn.DE,2013-11-29,Utilities
3002.0,0.5034118890762329,0.0,EONGn.DE,2013-12-02,Utilities
3003.0,0.5032117962837219,0.0,EONGn.DE,2013-12-03,Utilities
3004.0,0.5037968158721924,1.0,EONGn.DE,2013-12-04,Utilities
3005.0,0.5019968748092651,0.0,EONGn.DE,2013-12-05,Utilities
3006.0,0.5020952820777893,0.0,EONGn.DE,2013-12-06,Utilities
3007.0,0.4996165931224823,1.0,EONGn.DE,2013-12-09,Utilities
3008.0,0.4985734224319458,0.0,EONGn.DE,2013-12-10,Utilities
3009.0,0.49778205156326294,0.0,EONGn.DE,2013-12-11,Utilities
3010.0,0.4980149269104004,0.0,EONGn.DE,2013-12-12,Utilities
3011.0,0.49885833263397217,0.0,EONGn.DE,2013-12-13,Utilities
3012.0,0.49874773621559143,0.0,EONGn.DE,2013-12-16,Utilities
3013.0,0.49839311838150024,0.0,EONGn.DE,2013-12-17,Utilities
3014.0,0.49797749519348145,0.0,EONGn.DE,2013-12-18,Utilities
3015.0,0.49791836738586426,0.0,EONGn.DE,2013-12-19,Utilities
3016.0,0.4986349940299988,0.0,EONGn.DE,2013-12-20,Utilities
3017.0,0.4983308017253876,0.0,EONGn.DE,2013-12-23,Utilities
3018.0,0.4989301562309265,1.0,EONGn.DE,2013-12-27,Utilities
3019.0,0.500252902507782,0.0,EONGn.DE,2013-12-30,Utilities
3020.0,0.500994086265564,0.0,EONGn.DE,2014-01-02,Utilities
3021.0,0.501825749874115,1.0,EONGn.DE,2014-01-03,Utilities
3022.0,0.5025478601455688,0.0,EONGn.DE,2014-01-06,Utilities
3023.0,0.5031025409698486,1.0,EONGn.DE,2014-01-07,Utilities
3024.0,0.503488302230835,0.0,EONGn.DE,2014-01-08,Utilities
3025.0,0.5040360689163208,0.0,EONGn.DE,2014-01-09,Utilities
3026.0,0.503183901309967,1.0,EONGn.DE,2014-01-10,Utilities
3027.0,0.5020471215248108,0.0,EONGn.DE,2014-01-13,Utilities
3028.0,0.5009798407554626,1.0,EONGn.DE,2014-01-14,Utilities
3029.0,0.4990737736225128,1.0,EONGn.DE,2014-01-15,Utilities
3030.0,0.498791366815567,0.0,EONGn.DE,2014-01-16,Utilities
3031.0,0.4987601041793823,0.0,EONGn.DE,2014-01-17,Utilities
3032.0,0.499335914850235,1.0,EONGn.DE,2014-01-20,Utilities
3033.0,0.49920788407325745,0.0,EONGn.DE,2014-01-21,Utilities
3034.0,0.49871331453323364,1.0,EONGn.DE,2014-01-22,Utilities
3035.0,0.4998522996902466,1.0,EONGn.DE,2014-01-23,Utilities
3036.0,0.5003337264060974,1.0,EONGn.DE,2014-01-24,Utilities
3037.0,0.5028300881385803,0.0,EONGn.DE,2014-01-27,Utilities
3038.0,0.5050472021102905,0.0,EONGn.DE,2014-01-28,Utilities
3039.0,0.5042250752449036,0.0,EONGn.DE,2014-01-29,Utilities
3040.0,0.5029245018959045,1.0,EONGn.DE,2014-01-30,Utilities
3041.0,0.5025851726531982,1.0,EONGn.DE,2014-01-31,Utilities
3042.0,0.5018619298934937,1.0,EONGn.DE,2014-02-03,Utilities
3043.0,0.5022420883178711,0.0,EONGn.DE,2014-02-04,Utilities
3044.0,0.5024887919425964,1.0,EONGn.DE,2014-02-05,Utilities
3045.0,0.5011113286018372,1.0,EONGn.DE,2014-02-06,Utilities
3046.0,0.4999677836894989,1.0,EONGn.DE,2014-02-07,Utilities
3047.0,0.4988752603530884,0.0,EONGn.DE,2014-02-10,Utilities
3048.0,0.4978565573692322,0.0,EONGn.DE,2014-02-11,Utilities
3049.0,0.4986395239830017,0.0,EONGn.DE,2014-02-12,Utilities
3050.0,0.5002366900444031,1.0,EONGn.DE,2014-02-13,Utilities
3051.0,0.5004595518112183,0.0,EONGn.DE,2014-02-14,Utilities
3052.0,0.5000370740890503,0.0,EONGn.DE,2014-02-17,Utilities
3053.0,0.50004643201828,1.0,EONGn.DE,2014-02-18,Utilities
3054.0,0.5013553500175476,1.0,EONGn.DE,2014-02-19,Utilities
3055.0,0.5022610425949097,1.0,EONGn.DE,2014-02-20,Utilities
3056.0,0.5020177960395813,1.0,EONGn.DE,2014-02-21,Utilities
3057.0,0.5026304721832275,0.0,EONGn.DE,2014-02-24,Utilities
3058.0,0.5025683045387268,0.0,EONGn.DE,2014-02-25,Utilities
3059.0,0.5028987526893616,0.0,EONGn.DE,2014-02-26,Utilities
3060.0,0.5029352903366089,1.0,EONGn.DE,2014-02-27,Utilities
3061.0,0.5023995637893677,0.0,EONGn.DE,2014-02-28,Utilities
3062.0,0.5023564100265503,1.0,EONGn.DE,2014-03-03,Utilities
3063.0,0.501930296421051,1.0,EONGn.DE,2014-03-04,Utilities
3064.0,0.5023600459098816,1.0,EONGn.DE,2014-03-05,Utilities
3065.0,0.5033801198005676,0.0,EONGn.DE,2014-03-06,Utilities
3066.0,0.5036427974700928,1.0,EONGn.DE,2014-03-07,Utilities
3067.0,0.501655638217926,1.0,EONGn.DE,2014-03-10,Utilities
3068.0,0.49926885962486267,1.0,EONGn.DE,2014-03-11,Utilities
3069.0,0.49793219566345215,1.0,EONGn.DE,2014-03-12,Utilities
3070.0,0.4993008077144623,0.0,EONGn.DE,2014-03-13,Utilities
3071.0,0.49994751811027527,0.0,EONGn.DE,2014-03-14,Utilities
3072.0,0.49968844652175903,0.0,EONGn.DE,2014-03-17,Utilities
3073.0,0.4990190863609314,1.0,EONGn.DE,2014-03-18,Utilities
3074.0,0.4986802041530609,1.0,EONGn.DE,2014-03-19,Utilities
3075.0,0.4992406964302063,1.0,EONGn.DE,2014-03-20,Utilities
3076.0,0.5017495155334473,1.0,EONGn.DE,2014-03-21,Utilities
3077.0,0.5013245344161987,1.0,EONGn.DE,2014-03-24,Utilities
3078.0,0.5010244846343994,0.0,EONGn.DE,2014-03-25,Utilities
3079.0,0.5012896656990051,0.0,EONGn.DE,2014-03-26,Utilities
3080.0,0.5021724104881287,0.0,EONGn.DE,2014-03-27,Utilities
3081.0,0.5024521350860596,1.0,EONGn.DE,2014-03-28,Utilities
3082.0,0.5024828910827637,1.0,EONGn.DE,2014-03-31,Utilities
3083.0,0.5028602480888367,1.0,EONGn.DE,2014-04-01,Utilities
3084.0,0.5023744702339172,0.0,EONGn.DE,2014-04-02,Utilities
3085.0,0.5028892159461975,0.0,EONGn.DE,2014-04-03,Utilities
3086.0,0.5029101371765137,0.0,EONGn.DE,2014-04-04,Utilities
3087.0,0.5023146867752075,0.0,EONGn.DE,2014-04-07,Utilities
3088.0,0.5033920407295227,1.0,EONGn.DE,2014-04-08,Utilities
3089.0,0.5031289458274841,0.0,EONGn.DE,2014-04-09,Utilities
3090.0,0.502342700958252,1.0,EONGn.DE,2014-04-10,Utilities
3091.0,0.5014720559120178,1.0,EONGn.DE,2014-04-11,Utilities
3092.0,0.5011927485466003,0.0,EONGn.DE,2014-04-14,Utilities
3093.0,0.49986985325813293,1.0,EONGn.DE,2014-04-15,Utilities
3094.0,0.49914905428886414,0.0,EONGn.DE,2014-04-16,Utilities
3095.0,0.4987138509750366,1.0,EONGn.DE,2014-04-17,Utilities
3096.0,0.4986257255077362,0.0,EONGn.DE,2014-04-22,Utilities
3097.0,0.4980892837047577,0.0,EONGn.DE,2014-04-23,Utilities
3098.0,0.49816277623176575,0.0,EONGn.DE,2014-04-24,Utilities
3099.0,0.4977974593639374,0.0,EONGn.DE,2014-04-25,Utilities
3100.0,0.4985410273075104,1.0,EONGn.DE,2014-04-28,Utilities
3101.0,0.49968796968460083,1.0,EONGn.DE,2014-04-29,Utilities
3102.0,0.5008312463760376,0.0,EONGn.DE,2014-04-30,Utilities
3103.0,0.5018019676208496,1.0,EONGn.DE,2014-05-02,Utilities
3104.0,0.5029041767120361,0.0,EONGn.DE,2014-05-05,Utilities
3105.0,0.5024809837341309,1.0,EONGn.DE,2014-05-06,Utilities
3106.0,0.5016887187957764,1.0,EONGn.DE,2014-05-07,Utilities
3107.0,0.5003619194030762,1.0,EONGn.DE,2014-05-08,Utilities
3108.0,0.5005146265029907,1.0,EONGn.DE,2014-05-09,Utilities
3109.0,0.5015468597412109,1.0,EONGn.DE,2014-05-12,Utilities
3110.0,0.5011163353919983,0.0,EONGn.DE,2014-05-13,Utilities
3111.0,0.5002699494361877,0.0,EONGn.DE,2014-05-14,Utilities
3112.0,0.49956873059272766,0.0,EONGn.DE,2014-05-15,Utilities
3113.0,0.49928560853004456,1.0,EONGn.DE,2014-05-16,Utilities
3114.0,0.4991639256477356,1.0,EONGn.DE,2014-05-19,Utilities
3115.0,0.5000240802764893,1.0,EONGn.DE,2014-05-20,Utilities
3116.0,0.5019621253013611,1.0,EONGn.DE,2014-05-21,Utilities
3117.0,0.502208411693573,0.0,EONGn.DE,2014-05-22,Utilities
3118.0,0.5029184818267822,1.0,EONGn.DE,2014-05-23,Utilities
3119.0,0.5018418431282043,0.0,EONGn.DE,2014-05-26,Utilities
3120.0,0.500559389591217,0.0,EONGn.DE,2014-05-27,Utilities
3121.0,0.49891364574432373,1.0,EONGn.DE,2014-05-28,Utilities
3122.0,0.4989299774169922,1.0,EONGn.DE,2014-05-29,Utilities
3123.0,0.5008562803268433,1.0,EONGn.DE,2014-05-30,Utilities
3124.0,0.5017459392547607,1.0,EONGn.DE,2014-06-02,Utilities
3125.0,0.5044978260993958,1.0,EONGn.DE,2014-06-03,Utilities
3126.0,0.504726767539978,0.0,EONGn.DE,2014-06-04,Utilities
3127.0,0.5054178833961487,1.0,EONGn.DE,2014-06-05,Utilities
3128.0,0.5054228901863098,1.0,EONGn.DE,2014-06-06,Utilities
3129.0,0.504414975643158,0.0,EONGn.DE,2014-06-09,Utilities
3130.0,0.5034764409065247,1.0,EONGn.DE,2014-06-10,Utilities
3131.0,0.5026540160179138,0.0,EONGn.DE,2014-06-11,Utilities
3132.0,0.5024675726890564,0.0,EONGn.DE,2014-06-12,Utilities
3133.0,0.5020666718482971,1.0,EONGn.DE,2014-06-13,Utilities
3134.0,0.5016031265258789,1.0,EONGn.DE,2014-06-16,Utilities
3135.0,0.501083493232727,0.0,EONGn.DE,2014-06-17,Utilities
3136.0,0.500810444355011,1.0,EONGn.DE,2014-06-18,Utilities
3137.0,0.5009405016899109,1.0,EONGn.DE,2014-06-19,Utilities
3138.0,0.5007492303848267,1.0,EONGn.DE,2014-06-20,Utilities
3139.0,0.5007590651512146,1.0,EONGn.DE,2014-06-23,Utilities
3140.0,0.4998340904712677,1.0,EONGn.DE,2014-06-24,Utilities
3141.0,0.49927783012390137,0.0,EONGn.DE,2014-06-25,Utilities
3142.0,0.49990737438201904,1.0,EONGn.DE,2014-06-26,Utilities
3143.0,0.5002185702323914,0.0,EONGn.DE,2014-06-27,Utilities
3144.0,0.5001946687698364,0.0,EONGn.DE,2014-06-30,Utilities
3145.0,0.5010905861854553,1.0,EONGn.DE,2014-07-01,Utilities
3146.0,0.5029205679893494,0.0,EONGn.DE,2014-07-02,Utilities
3147.0,0.5029790997505188,0.0,EONGn.DE,2014-07-03,Utilities
3148.0,0.5027257204055786,0.0,EONGn.DE,2014-07-04,Utilities
3149.0,0.5025753974914551,0.0,EONGn.DE,2014-07-07,Utilities
3150.0,0.5013011693954468,1.0,EONGn.DE,2014-07-08,Utilities
3151.0,0.5017809867858887,0.0,EONGn.DE,2014-07-09,Utilities
3152.0,0.5018283128738403,0.0,EONGn.DE,2014-07-10,Utilities
3153.0,0.5011433959007263,1.0,EONGn.DE,2014-07-11,Utilities
3154.0,0.5012990832328796,0.0,EONGn.DE,2014-07-14,Utilities
3155.0,0.5010630488395691,1.0,EONGn.DE,2014-07-15,Utilities
3156.0,0.5012927055358887,1.0,EONGn.DE,2014-07-16,Utilities
3157.0,0.5005007386207581,0.0,EONGn.DE,2014-07-17,Utilities
3158.0,0.4992735683917999,1.0,EONGn.DE,2014-07-18,Utilities
3159.0,0.49845200777053833,1.0,EONGn.DE,2014-07-21,Utilities
3160.0,0.4979097843170166,1.0,EONGn.DE,2014-07-22,Utilities
3161.0,0.49705812335014343,0.0,EONGn.DE,2014-07-23,Utilities
3162.0,0.4972724914550781,1.0,EONGn.DE,2014-07-24,Utilities
3163.0,0.4982401728630066,0.0,EONGn.DE,2014-07-25,Utilities
3164.0,0.4994119107723236,1.0,EONGn.DE,2014-07-28,Utilities
3165.0,0.50093674659729,1.0,EONGn.DE,2014-07-29,Utilities
3166.0,0.5000585913658142,0.0,EONGn.DE,2014-07-30,Utilities
3167.0,0.49971529841423035,0.0,EONGn.DE,2014-07-31,Utilities
3168.0,0.4996069371700287,0.0,EONGn.DE,2014-08-01,Utilities
3169.0,0.5014662742614746,1.0,EONGn.DE,2014-08-04,Utilities
3170.0,0.5016416311264038,1.0,EONGn.DE,2014-08-05,Utilities
3171.0,0.5024777054786682,0.0,EONGn.DE,2014-08-06,Utilities
3172.0,0.5013977885246277,0.0,EONGn.DE,2014-08-07,Utilities
3173.0,0.5007548332214355,1.0,EONGn.DE,2014-08-08,Utilities
3174.0,0.5010078549385071,0.0,EONGn.DE,2014-08-11,Utilities
3175.0,0.5000104308128357,0.0,EONGn.DE,2014-08-12,Utilities
3176.0,0.49872061610221863,1.0,EONGn.DE,2014-08-13,Utilities
3177.0,0.49730345606803894,0.0,EONGn.DE,2014-08-14,Utilities
3178.0,0.49678829312324524,1.0,EONGn.DE,2014-08-15,Utilities
3179.0,0.4973040223121643,0.0,EONGn.DE,2014-08-18,Utilities
3180.0,0.49738213419914246,0.0,EONGn.DE,2014-08-19,Utilities
3181.0,0.4970906376838684,1.0,EONGn.DE,2014-08-20,Utilities
3182.0,0.49739861488342285,0.0,EONGn.DE,2014-08-21,Utilities
3183.0,0.499048113822937,0.0,EONGn.DE,2014-08-22,Utilities
3184.0,0.4992426335811615,0.0,EONGn.DE,2014-08-25,Utilities
3185.0,0.5034259557723999,0.0,EONGn.DE,2014-08-26,Utilities
3186.0,0.5044712424278259,1.0,EONGn.DE,2014-08-27,Utilities
3187.0,0.5039183497428894,1.0,EONGn.DE,2014-08-28,Utilities
3188.0,0.503794252872467,1.0,EONGn.DE,2014-08-29,Utilities
3189.0,0.5034797191619873,1.0,EONGn.DE,2014-09-01,Utilities
3190.0,0.5036464929580688,0.0,EONGn.DE,2014-09-02,Utilities
3191.0,0.5035609006881714,1.0,EONGn.DE,2014-09-03,Utilities
3192.0,0.5024409294128418,1.0,EONGn.DE,2014-09-04,Utilities
3193.0,0.5028600096702576,0.0,EONGn.DE,2014-09-05,Utilities
3194.0,0.502687394618988,0.0,EONGn.DE,2014-09-08,Utilities
3195.0,0.5024732947349548,0.0,EONGn.DE,2014-09-09,Utilities
3196.0,0.5015891790390015,1.0,EONGn.DE,2014-09-10,Utilities
3197.0,0.501430869102478,1.0,EONGn.DE,2014-09-11,Utilities
3198.0,0.5016908049583435,1.0,EONGn.DE,2014-09-12,Utilities
3199.0,0.5016064643859863,1.0,EONGn.DE,2014-09-15,Utilities
3200.0,0.5028048753738403,1.0,EONGn.DE,2014-09-16,Utilities
3201.0,0.5037391185760498,0.0,EONGn.DE,2014-09-17,Utilities
3202.0,0.5037911534309387,0.0,EONGn.DE,2014-09-18,Utilities
3203.0,0.5029057264328003,1.0,EONGn.DE,2014-09-19,Utilities
3204.0,0.5016619563102722,1.0,EONGn.DE,2014-09-22,Utilities
3205.0,0.5013120770454407,0.0,EONGn.DE,2014-09-23,Utilities
3206.0,0.501110315322876,1.0,EONGn.DE,2014-09-24,Utilities
3207.0,0.5011130571365356,1.0,EONGn.DE,2014-09-25,Utilities
3208.0,0.500959038734436,0.0,EONGn.DE,2014-09-26,Utilities
3209.0,0.5006721019744873,0.0,EONGn.DE,2014-09-29,Utilities
3210.0,0.5002186894416809,1.0,EONGn.DE,2014-09-30,Utilities
3211.0,0.5003884434700012,0.0,EONGn.DE,2014-10-01,Utilities
3212.0,0.5009796023368835,0.0,EONGn.DE,2014-10-02,Utilities
3213.0,0.5014445185661316,0.0,EONGn.DE,2014-10-06,Utilities
3214.0,0.500050961971283,0.0,EONGn.DE,2014-10-07,Utilities
3215.0,0.5007574558258057,1.0,EONGn.DE,2014-10-08,Utilities
3216.0,0.5003626942634583,0.0,EONGn.DE,2014-10-09,Utilities
3217.0,0.5001964569091797,1.0,EONGn.DE,2014-10-10,Utilities
3218.0,0.49931633472442627,1.0,EONGn.DE,2014-10-13,Utilities
3219.0,0.5002763271331787,0.0,EONGn.DE,2014-10-14,Utilities
3220.0,0.5001271963119507,0.0,EONGn.DE,2014-10-15,Utilities
3221.0,0.4989220201969147,0.0,EONGn.DE,2014-10-16,Utilities
3222.0,0.49878990650177,1.0,EONGn.DE,2014-10-17,Utilities
3223.0,0.49815210700035095,0.0,EONGn.DE,2014-10-20,Utilities
3224.0,0.49817779660224915,0.0,EONGn.DE,2014-10-21,Utilities
3225.0,0.49787044525146484,1.0,EONGn.DE,2014-10-22,Utilities
3226.0,0.49716153740882874,1.0,EONGn.DE,2014-10-23,Utilities
3227.0,0.49745139479637146,0.0,EONGn.DE,2014-10-24,Utilities
3228.0,0.49768391251564026,0.0,EONGn.DE,2014-10-27,Utilities
3229.0,0.49703341722488403,1.0,EONGn.DE,2014-10-28,Utilities
3230.0,0.4964982569217682,0.0,EONGn.DE,2014-10-29,Utilities
3231.0,0.4990610182285309,1.0,EONGn.DE,2014-10-30,Utilities
3232.0,0.4997423589229584,1.0,EONGn.DE,2014-10-31,Utilities
3233.0,0.5013628005981445,0.0,EONGn.DE,2014-11-03,Utilities
3234.0,0.5028257369995117,0.0,EONGn.DE,2014-11-04,Utilities
3235.0,0.5040713548660278,1.0,EONGn.DE,2014-11-05,Utilities
3236.0,0.5037182569503784,0.0,EONGn.DE,2014-11-06,Utilities
3237.0,0.5025784373283386,0.0,EONGn.DE,2014-11-07,Utilities
3238.0,0.5038173198699951,0.0,EONGn.DE,2014-11-10,Utilities
3239.0,0.503801703453064,1.0,EONGn.DE,2014-11-11,Utilities
3240.0,0.5036447644233704,0.0,EONGn.DE,2014-11-12,Utilities
3241.0,0.5058141350746155,0.0,EONGn.DE,2014-11-13,Utilities
3242.0,0.5046720504760742,0.0,EONGn.DE,2014-11-14,Utilities
3243.0,0.5032293796539307,1.0,EONGn.DE,2014-11-17,Utilities
3244.0,0.5035063028335571,1.0,EONGn.DE,2014-11-18,Utilities
3245.0,0.5035671591758728,1.0,EONGn.DE,2014-11-19,Utilities
3246.0,0.5021089911460876,0.0,EONGn.DE,2014-11-20,Utilities
3247.0,0.501820981502533,1.0,EONGn.DE,2014-11-21,Utilities
3248.0,0.5017365217208862,0.0,EONGn.DE,2014-11-24,Utilities
3249.0,0.5000602602958679,1.0,EONGn.DE,2014-11-25,Utilities
3250.0,0.5003466606140137,0.0,FMEG.DE,2013-11-28,Healthcare
3251.0,0.5004752278327942,1.0,FMEG.DE,2013-11-29,Healthcare
3252.0,0.5010243654251099,0.0,FMEG.DE,2013-12-02,Healthcare
3253.0,0.5010783672332764,1.0,FMEG.DE,2013-12-03,Healthcare
3254.0,0.50042724609375,0.0,FMEG.DE,2013-12-04,Healthcare
3255.0,0.5068479776382446,1.0,FMEG.DE,2013-12-05,Healthcare
3256.0,0.5049980878829956,0.0,FMEG.DE,2013-12-06,Healthcare
3257.0,0.5036399960517883,0.0,FMEG.DE,2013-12-09,Healthcare
3258.0,0.5025116205215454,1.0,FMEG.DE,2013-12-10,Healthcare
3259.0,0.5026456713676453,0.0,FMEG.DE,2013-12-11,Healthcare
3260.0,0.5018430352210999,1.0,FMEG.DE,2013-12-12,Healthcare
3261.0,0.5012776851654053,0.0,FMEG.DE,2013-12-13,Healthcare
3262.0,0.5005279183387756,0.0,FMEG.DE,2013-12-16,Healthcare
3263.0,0.4997960925102234,1.0,FMEG.DE,2013-12-17,Healthcare
3264.0,0.4997479021549225,1.0,FMEG.DE,2013-12-18,Healthcare
3265.0,0.49949926137924194,1.0,FMEG.DE,2013-12-19,Healthcare
3266.0,0.49919018149375916,0.0,FMEG.DE,2013-12-20,Healthcare
3267.0,0.4990586042404175,0.0,FMEG.DE,2013-12-23,Healthcare
3268.0,0.49993303418159485,0.0,FMEG.DE,2013-12-27,Healthcare
3269.0,0.5017597675323486,1.0,FMEG.DE,2013-12-30,Healthcare
3270.0,0.501639723777771,0.0,FMEG.DE,2014-01-02,Healthcare
3271.0,0.5016123652458191,1.0,FMEG.DE,2014-01-03,Healthcare
3272.0,0.5016112327575684,1.0,FMEG.DE,2014-01-06,Healthcare
3273.0,0.5016133189201355,0.0,FMEG.DE,2014-01-07,Healthcare
3274.0,0.5016080141067505,1.0,FMEG.DE,2014-01-08,Healthcare
3275.0,0.5018829107284546,1.0,FMEG.DE,2014-01-09,Healthcare
3276.0,0.5020063519477844,0.0,FMEG.DE,2014-01-10,Healthcare
3277.0,0.502047061920166,0.0,FMEG.DE,2014-01-13,Healthcare
3278.0,0.5020373463630676,0.0,FMEG.DE,2014-01-14,Healthcare
3279.0,0.5004606246948242,0.0,FMEG.DE,2014-01-15,Healthcare
3280.0,0.5004880428314209,1.0,FMEG.DE,2014-01-16,Healthcare
3281.0,0.5006459355354309,1.0,FMEG.DE,2014-01-17,Healthcare
3282.0,0.5004986524581909,1.0,FMEG.DE,2014-01-20,Healthcare
3283.0,0.5014021396636963,0.0,FMEG.DE,2014-01-21,Healthcare
3284.0,0.5022943019866943,1.0,FMEG.DE,2014-01-22,Healthcare
3285.0,0.5022003650665283,1.0,FMEG.DE,2014-01-23,Healthcare
3286.0,0.500856876373291,1.0,FMEG.DE,2014-01-24,Healthcare
3287.0,0.5001073479652405,0.0,FMEG.DE,2014-01-27,Healthcare
3288.0,0.5007708072662354,1.0,FMEG.DE,2014-01-28,Healthcare
3289.0,0.5019350647926331,0.0,FMEG.DE,2014-01-29,Healthcare
3290.0,0.502598762512207,0.0,FMEG.DE,2014-01-30,Healthcare
3291.0,0.503459632396698,0.0,FMEG.DE,2014-01-31,Healthcare
3292.0,0.5027735829353333,1.0,FMEG.DE,2014-02-03,Healthcare
3293.0,0.5024417042732239,0.0,FMEG.DE,2014-02-04,Healthcare
3294.0,0.5020039677619934,0.0,FMEG.DE,2014-02-05,Healthcare
3295.0,0.5008823871612549,0.0,FMEG.DE,2014-02-06,Healthcare
3296.0,0.4997386336326599,0.0,FMEG.DE,2014-02-07,Healthcare
3297.0,0.49985507130622864,0.0,FMEG.DE,2014-02-10,Healthcare
3298.0,0.4990920424461365,0.0,FMEG.DE,2014-02-11,Healthcare
3299.0,0.49883797764778137,1.0,FMEG.DE,2014-02-12,Healthcare
3300.0,0.49842628836631775,0.0,FMEG.DE,2014-02-13,Healthcare
3301.0,0.4989597797393799,0.0,FMEG.DE,2014-02-14,Healthcare
3302.0,0.49855199456214905,0.0,FMEG.DE,2014-02-17,Healthcare
3303.0,0.4984043538570404,0.0,FMEG.DE,2014-02-18,Healthcare
3304.0,0.4987242817878723,1.0,FMEG.DE,2014-02-19,Healthcare
3305.0,0.49920040369033813,1.0,FMEG.DE,2014-02-20,Healthcare
3306.0,0.49952924251556396,0.0,FMEG.DE,2014-02-21,Healthcare
3307.0,0.5006375312805176,0.0,FMEG.DE,2014-02-24,Healthcare
3308.0,0.5024718642234802,0.0,FMEG.DE,2014-02-25,Healthcare
3309.0,0.5029281377792358,0.0,FMEG.DE,2014-02-26,Healthcare
3310.0,0.5024835467338562,0.0,FMEG.DE,2014-02-27,Healthcare
3311.0,0.5018168091773987,1.0,FMEG.DE,2014-02-28,Healthcare
3312.0,0.5012067556381226,1.0,FMEG.DE,2014-03-03,Healthcare
3313.0,0.5012146234512329,0.0,FMEG.DE,2014-03-04,Healthcare
3314.0,0.5008517503738403,0.0,FMEG.DE,2014-03-05,Healthcare
3315.0,0.499815434217453,1.0,FMEG.DE,2014-03-06,Healthcare
3316.0,0.4996877610683441,1.0,FMEG.DE,2014-03-07,Healthcare
3317.0,0.4982142150402069,1.0,FMEG.DE,2014-03-10,Healthcare
3318.0,0.49695438146591187,0.0,FMEG.DE,2014-03-11,Healthcare
3319.0,0.4992382526397705,1.0,FMEG.DE,2014-03-12,Healthcare
3320.0,0.5000824332237244,1.0,FMEG.DE,2014-03-13,Healthcare
3321.0,0.4998793601989746,1.0,FMEG.DE,2014-03-14,Healthcare
3322.0,0.5001816153526306,0.0,FMEG.DE,2014-03-17,Healthcare
3323.0,0.5001737475395203,0.0,FMEG.DE,2014-03-18,Healthcare
3324.0,0.5005103349685669,0.0,FMEG.DE,2014-03-19,Healthcare
3325.0,0.5006958842277527,1.0,FMEG.DE,2014-03-20,Healthcare
3326.0,0.5001488924026489,0.0,FMEG.DE,2014-03-21,Healthcare
3327.0,0.4996274709701538,0.0,FMEG.DE,2014-03-24,Healthcare
3328.0,0.5008646249771118,1.0,FMEG.DE,2014-03-25,Healthcare
3329.0,0.5018845200538635,1.0,FMEG.DE,2014-03-26,Healthcare
3330.0,0.5027464628219604,1.0,FMEG.DE,2014-03-27,Healthcare
3331.0,0.5028970241546631,0.0,FMEG.DE,2014-03-28,Healthcare
3332.0,0.5034343600273132,0.0,FMEG.DE,2014-03-31,Healthcare
3333.0,0.5033074617385864,0.0,FMEG.DE,2014-04-01,Healthcare
3334.0,0.5016325116157532,1.0,FMEG.DE,2014-04-02,Healthcare
3335.0,0.5032234191894531,1.0,FMEG.DE,2014-04-03,Healthcare
3336.0,0.5042218565940857,0.0,FMEG.DE,2014-04-04,Healthcare
3337.0,0.5043473839759827,1.0,FMEG.DE,2014-04-07,Healthcare
3338.0,0.5039305686950684,1.0,FMEG.DE,2014-04-08,Healthcare
3339.0,0.5029444098472595,0.0,FMEG.DE,2014-04-09,Healthcare
3340.0,0.5013338327407837,1.0,FMEG.DE,2014-04-10,Healthcare
3341.0,0.5037609934806824,0.0,FMEG.DE,2014-04-11,Healthcare
3342.0,0.5031176209449768,1.0,FMEG.DE,2014-04-14,Healthcare
3343.0,0.5017316341400146,0.0,FMEG.DE,2014-04-15,Healthcare
3344.0,0.5009938478469849,0.0,FMEG.DE,2014-04-16,Healthcare
3345.0,0.5001357197761536,0.0,FMEG.DE,2014-04-17,Healthcare
3346.0,0.49969491362571716,0.0,FMEG.DE,2014-04-22,Healthcare
3347.0,0.49857163429260254,1.0,FMEG.DE,2014-04-23,Healthcare
3348.0,0.4985768496990204,0.0,FMEG.DE,2014-04-24,Healthcare
3349.0,0.49805837869644165,1.0,FMEG.DE,2014-04-25,Healthcare
3350.0,0.4988742172718048,0.0,FMEG.DE,2014-04-28,Healthcare
3351.0,0.49949151277542114,0.0,FMEG.DE,2014-04-29,Healthcare
3352.0,0.49989813566207886,0.0,FMEG.DE,2014-04-30,Healthcare
3353.0,0.500160813331604,0.0,FMEG.DE,2014-05-02,Healthcare
3354.0,0.5009161829948425,1.0,FMEG.DE,2014-05-05,Healthcare
3355.0,0.5015535354614258,0.0,FMEG.DE,2014-05-06,Healthcare
3356.0,0.501652181148529,1.0,FMEG.DE,2014-05-07,Healthcare
3357.0,0.5012668967247009,0.0,FMEG.DE,2014-05-08,Healthcare
3358.0,0.500723659992218,1.0,FMEG.DE,2014-05-09,Healthcare
3359.0,0.5012860894203186,0.0,FMEG.DE,2014-05-12,Healthcare
3360.0,0.5009564757347107,0.0,FMEG.DE,2014-05-13,Healthcare
3361.0,0.5003689527511597,1.0,FMEG.DE,2014-05-14,Healthcare
3362.0,0.49950674176216125,0.0,FMEG.DE,2014-05-15,Healthcare
3363.0,0.4994965195655823,1.0,FMEG.DE,2014-05-16,Healthcare
3364.0,0.49839067459106445,0.0,FMEG.DE,2014-05-19,Healthcare
3365.0,0.4989822506904602,0.0,FMEG.DE,2014-05-20,Healthcare
3366.0,0.4993395507335663,1.0,FMEG.DE,2014-05-21,Healthcare
3367.0,0.5003719329833984,1.0,FMEG.DE,2014-05-22,Healthcare
3368.0,0.5012533664703369,0.0,FMEG.DE,2014-05-23,Healthcare
3369.0,0.5009050369262695,0.0,FMEG.DE,2014-05-26,Healthcare
3370.0,0.5009000301361084,1.0,FMEG.DE,2014-05-27,Healthcare
3371.0,0.5001435279846191,0.0,FMEG.DE,2014-05-28,Healthcare
3372.0,0.5003448724746704,1.0,FMEG.DE,2014-05-29,Healthcare
3373.0,0.49990934133529663,1.0,FMEG.DE,2014-05-30,Healthcare
3374.0,0.4995647966861725,0.0,FMEG.DE,2014-06-02,Healthcare
3375.0,0.49979761242866516,1.0,FMEG.DE,2014-06-03,Healthcare
3376.0,0.5006205439567566,1.0,FMEG.DE,2014-06-04,Healthcare
3377.0,0.5010102391242981,0.0,FMEG.DE,2014-06-05,Healthcare
3378.0,0.5016969442367554,0.0,FMEG.DE,2014-06-06,Healthcare
3379.0,0.5022384524345398,1.0,FMEG.DE,2014-06-09,Healthcare
3380.0,0.5021368265151978,0.0,FMEG.DE,2014-06-10,Healthcare
3381.0,0.5018270611763,1.0,FMEG.DE,2014-06-11,Healthcare
3382.0,0.5015588998794556,0.0,FMEG.DE,2014-06-12,Healthcare
3383.0,0.5008074641227722,1.0,FMEG.DE,2014-06-13,Healthcare
3384.0,0.5002075433731079,1.0,FMEG.DE,2014-06-16,Healthcare
3385.0,0.5002464652061462,1.0,FMEG.DE,2014-06-17,Healthcare
3386.0,0.4996110796928406,0.0,FMEG.DE,2014-06-18,Healthcare
3387.0,0.4991624653339386,0.0,FMEG.DE,2014-06-19,Healthcare
3388.0,0.4994191527366638,1.0,FMEG.DE,2014-06-20,Healthcare
3389.0,0.49918249249458313,1.0,FMEG.DE,2014-06-23,Healthcare
3390.0,0.499220609664917,1.0,FMEG.DE,2014-06-24,Healthcare
3391.0,0.4992726445198059,1.0,FMEG.DE,2014-06-25,Healthcare
3392.0,0.4994358420372009,1.0,FMEG.DE,2014-06-26,Healthcare
3393.0,0.49997663497924805,1.0,FMEG.DE,2014-06-27,Healthcare
3394.0,0.5006229281425476,0.0,FMEG.DE,2014-06-30,Healthcare
3395.0,0.499759316444397,0.0,FMEG.DE,2014-07-01,Healthcare
3396.0,0.4996168315410614,1.0,FMEG.DE,2014-07-02,Healthcare
3397.0,0.4997221529483795,0.0,FMEG.DE,2014-07-03,Healthcare
3398.0,0.499722421169281,1.0,FMEG.DE,2014-07-04,Healthcare
3399.0,0.5001162886619568,1.0,FMEG.DE,2014-07-07,Healthcare
3400.0,0.5002145171165466,1.0,FMEG.DE,2014-07-08,Healthcare
3401.0,0.5028488636016846,0.0,FMEG.DE,2014-07-09,Healthcare
3402.0,0.5047345161437988,1.0,FMEG.DE,2014-07-10,Healthcare
3403.0,0.503630518913269,1.0,FMEG.DE,2014-07-11,Healthcare
3404.0,0.5023345947265625,0.0,FMEG.DE,2014-07-14,Healthcare
3405.0,0.5021959543228149,1.0,FMEG.DE,2014-07-15,Healthcare
3406.0,0.5023934841156006,1.0,FMEG.DE,2014-07-16,Healthcare
3407.0,0.5029023289680481,1.0,FMEG.DE,2014-07-17,Healthcare
3408.0,0.5026238560676575,0.0,FMEG.DE,2014-07-18,Healthcare
3409.0,0.5019347071647644,1.0,FMEG.DE,2014-07-21,Healthcare
3410.0,0.5012410283088684,0.0,FMEG.DE,2014-07-22,Healthcare
3411.0,0.5005971193313599,0.0,FMEG.DE,2014-07-23,Healthcare
3412.0,0.5005100965499878,1.0,FMEG.DE,2014-07-24,Healthcare
3413.0,0.5001691579818726,1.0,FMEG.DE,2014-07-25,Healthcare
3414.0,0.5001252889633179,0.0,FMEG.DE,2014-07-28,Healthcare
3415.0,0.501979410648346,0.0,FMEG.DE,2014-07-29,Healthcare
3416.0,0.5022814273834229,1.0,FMEG.DE,2014-07-30,Healthcare
3417.0,0.5012209415435791,1.0,FMEG.DE,2014-07-31,Healthcare
3418.0,0.5000430941581726,0.0,FMEG.DE,2014-08-01,Healthcare
3419.0,0.4995098412036896,0.0,FMEG.DE,2014-08-04,Healthcare
3420.0,0.49949872493743896,1.0,FMEG.DE,2014-08-05,Healthcare
3421.0,0.5002100467681885,1.0,FMEG.DE,2014-08-06,Healthcare
3422.0,0.5001612901687622,0.0,FMEG.DE,2014-08-07,Healthcare
3423.0,0.49974343180656433,0.0,FMEG.DE,2014-08-08,Healthcare
3424.0,0.49992865324020386,0.0,FMEG.DE,2014-08-11,Healthcare
3425.0,0.5008317828178406,1.0,FMEG.DE,2014-08-12,Healthcare
3426.0,0.5031557679176331,0.0,FMEG.DE,2014-08-13,Healthcare
3427.0,0.5021108984947205,0.0,FMEG.DE,2014-08-14,Healthcare
3428.0,0.5007208585739136,1.0,FMEG.DE,2014-08-15,Healthcare
3429.0,0.5027403831481934,1.0,FMEG.DE,2014-08-18,Healthcare
3430.0,0.5044083595275879,0.0,FMEG.DE,2014-08-19,Healthcare
3431.0,0.5035962462425232,1.0,FMEG.DE,2014-08-20,Healthcare
3432.0,0.5021337270736694,0.0,FMEG.DE,2014-08-21,Healthcare
3433.0,0.5020696520805359,1.0,FMEG.DE,2014-08-22,Healthcare
3434.0,0.5011897683143616,0.0,FMEG.DE,2014-08-25,Healthcare
3435.0,0.5013272762298584,0.0,FMEG.DE,2014-08-26,Healthcare
3436.0,0.5013666152954102,0.0,FMEG.DE,2014-08-27,Healthcare
3437.0,0.5005640983581543,1.0,FMEG.DE,2014-08-28,Healthcare
3438.0,0.5019813179969788,1.0,FMEG.DE,2014-08-29,Healthcare
3439.0,0.502126157283783,1.0,FMEG.DE,2014-09-01,Healthcare
3440.0,0.5018877387046814,0.0,FMEG.DE,2014-09-02,Healthcare
3441.0,0.5020097494125366,0.0,FMEG.DE,2014-09-03,Healthcare
3442.0,0.5019469857215881,0.0,FMEG.DE,2014-09-04,Healthcare
3443.0,0.502230167388916,1.0,FMEG.DE,2014-09-05,Healthcare
3444.0,0.502562403678894,1.0,FMEG.DE,2014-09-08,Healthcare
3445.0,0.502116322517395,1.0,FMEG.DE,2014-09-09,Healthcare
3446.0,0.501937985420227,1.0,FMEG.DE,2014-09-10,Healthcare
3447.0,0.5020751953125,0.0,FMEG.DE,2014-09-11,Healthcare
3448.0,0.5019404292106628,0.0,FMEG.DE,2014-09-12,Healthcare
3449.0,0.5015900135040283,1.0,FMEG.DE,2014-09-15,Healthcare
3450.0,0.5017077326774597,0.0,FMEG.DE,2014-09-16,Healthcare
3451.0,0.5012800693511963,0.0,FMEG.DE,2014-09-17,Healthcare
3452.0,0.5012868046760559,0.0,FMEG.DE,2014-09-18,Healthcare
3453.0,0.5018808841705322,1.0,FMEG.DE,2014-09-19,Healthcare
3454.0,0.5024450421333313,1.0,FMEG.DE,2014-09-22,Healthcare
3455.0,0.5021098852157593,1.0,FMEG.DE,2014-09-23,Healthcare
3456.0,0.5010617971420288,1.0,FMEG.DE,2014-09-24,Healthcare
3457.0,0.49996304512023926,1.0,FMEG.DE,2014-09-25,Healthcare
3458.0,0.5000041127204895,0.0,FMEG.DE,2014-09-26,Healthcare
3459.0,0.49926435947418213,1.0,FMEG.DE,2014-09-29,Healthcare
3460.0,0.49891096353530884,1.0,FMEG.DE,2014-09-30,Healthcare
3461.0,0.4991840124130249,1.0,FMEG.DE,2014-10-01,Healthcare
3462.0,0.4997139275074005,1.0,FMEG.DE,2014-10-02,Healthcare
3463.0,0.4995986223220825,0.0,FMEG.DE,2014-10-06,Healthcare
3464.0,0.49903982877731323,1.0,FMEG.DE,2014-10-07,Healthcare
3465.0,0.49942469596862793,1.0,FMEG.DE,2014-10-08,Healthcare
3466.0,0.49996963143348694,0.0,FMEG.DE,2014-10-09,Healthcare
3467.0,0.4998852014541626,1.0,FMEG.DE,2014-10-10,Healthcare
3468.0,0.5000618100166321,0.0,FMEG.DE,2014-10-13,Healthcare
3469.0,0.5016513466835022,0.0,FMEG.DE,2014-10-14,Healthcare
3470.0,0.5024327635765076,1.0,FMEG.DE,2014-10-15,Healthcare
3471.0,0.5017528533935547,0.0,FMEG.DE,2014-10-16,Healthcare
3472.0,0.5009602308273315,1.0,FMEG.DE,2014-10-17,Healthcare
3473.0,0.5004343390464783,1.0,FMEG.DE,2014-10-20,Healthcare
3474.0,0.5000885128974915,0.0,FMEG.DE,2014-10-21,Healthcare
3475.0,0.4996776580810547,1.0,FMEG.DE,2014-10-22,Healthcare
3476.0,0.4992157816886902,1.0,FMEG.DE,2014-10-23,Healthcare
3477.0,0.49860426783561707,1.0,FMEG.DE,2014-10-24,Healthcare
3478.0,0.4978855550289154,1.0,FMEG.DE,2014-10-27,Healthcare
3479.0,0.49705296754837036,0.0,FMEG.DE,2014-10-28,Healthcare
3480.0,0.496584951877594,1.0,FMEG.DE,2014-10-29,Healthcare
3481.0,0.5009896755218506,1.0,FMEG.DE,2014-10-30,Healthcare
3482.0,0.5021911263465881,0.0,FMEG.DE,2014-10-31,Healthcare
3483.0,0.5026463866233826,1.0,FMEG.DE,2014-11-03,Healthcare
3484.0,0.5034320950508118,1.0,FMEG.DE,2014-11-04,Healthcare
3485.0,0.5050897002220154,0.0,FMEG.DE,2014-11-05,Healthcare
3486.0,0.5065339803695679,0.0,FMEG.DE,2014-11-06,Healthcare
3487.0,0.5060274600982666,0.0,FMEG.DE,2014-11-07,Healthcare
3488.0,0.5053385496139526,1.0,FMEG.DE,2014-11-10,Healthcare
3489.0,0.5052857995033264,0.0,FMEG.DE,2014-11-11,Healthcare
3490.0,0.5053738355636597,1.0,FMEG.DE,2014-11-12,Healthcare
3491.0,0.5049701929092407,1.0,FMEG.DE,2014-11-13,Healthcare
3492.0,0.5036846399307251,0.0,FMEG.DE,2014-11-14,Healthcare
3493.0,0.5024241805076599,0.0,FMEG.DE,2014-11-17,Healthcare
3494.0,0.5025378465652466,0.0,FMEG.DE,2014-11-18,Healthcare
3495.0,0.5018052458763123,0.0,FMEG.DE,2014-11-19,Healthcare
3496.0,0.5001072287559509,1.0,FMEG.DE,2014-11-20,Healthcare
3497.0,0.5009800791740417,0.0,FMEG.DE,2014-11-21,Healthcare
3498.0,0.5011388659477234,0.0,FMEG.DE,2014-11-24,Healthcare
3499.0,0.50067138671875,1.0,FMEG.DE,2014-11-25,Healthcare
3500.0,0.5022408962249756,1.0,FREG.DE,2013-11-28,Healthcare
3501.0,0.5017337799072266,1.0,FREG.DE,2013-11-29,Healthcare
3502.0,0.5016024708747864,0.0,FREG.DE,2013-12-02,Healthcare
3503.0,0.500994086265564,1.0,FREG.DE,2013-12-03,Healthcare
3504.0,0.5006871819496155,0.0,FREG.DE,2013-12-04,Healthcare
3505.0,0.5034167170524597,1.0,FREG.DE,2013-12-05,Healthcare
3506.0,0.5033711791038513,0.0,FREG.DE,2013-12-06,Healthcare
3507.0,0.5020792484283447,0.0,FREG.DE,2013-12-09,Healthcare
3508.0,0.5010828375816345,1.0,FREG.DE,2013-12-10,Healthcare
3509.0,0.5029364824295044,0.0,FREG.DE,2013-12-11,Healthcare
3510.0,0.5030430555343628,1.0,FREG.DE,2013-12-12,Healthcare
3511.0,0.5022841691970825,1.0,FREG.DE,2013-12-13,Healthcare
3512.0,0.5012124180793762,0.0,FREG.DE,2013-12-16,Healthcare
3513.0,0.5001745223999023,1.0,FREG.DE,2013-12-17,Healthcare
3514.0,0.5000084638595581,1.0,FREG.DE,2013-12-18,Healthcare
3515.0,0.5000125765800476,1.0,FREG.DE,2013-12-19,Healthcare
3516.0,0.5007331967353821,0.0,FREG.DE,2013-12-20,Healthcare
3517.0,0.5016273260116577,1.0,FREG.DE,2013-12-23,Healthcare
3518.0,0.5028901100158691,0.0,FREG.DE,2013-12-27,Healthcare
3519.0,0.5048243403434753,1.0,FREG.DE,2013-12-30,Healthcare
3520.0,0.5042572021484375,1.0,FREG.DE,2014-01-02,Healthcare
3521.0,0.504198431968689,1.0,FREG.DE,2014-01-03,Healthcare
3522.0,0.504233181476593,1.0,FREG.DE,2014-01-06,Healthcare
3523.0,0.5042823553085327,0.0,FREG.DE,2014-01-07,Healthcare
3524.0,0.504306972026825,1.0,FREG.DE,2014-01-08,Healthcare
3525.0,0.5032024383544922,1.0,FREG.DE,2014-01-09,Healthcare
3526.0,0.5022280216217041,1.0,FREG.DE,2014-01-10,Healthcare
3527.0,0.5014291405677795,0.0,FREG.DE,2014-01-13,Healthcare
3528.0,0.5008212327957153,0.0,FREG.DE,2014-01-14,Healthcare
3529.0,0.49997493624687195,0.0,FREG.DE,2014-01-15,Healthcare
3530.0,0.4999091923236847,1.0,FREG.DE,2014-01-16,Healthcare
3531.0,0.5009211897850037,0.0,FREG.DE,2014-01-17,Healthcare
3532.0,0.5007596015930176,1.0,FREG.DE,2014-01-20,Healthcare
3533.0,0.5011618137359619,1.0,FREG.DE,2014-01-21,Healthcare
3534.0,0.5018085837364197,0.0,FREG.DE,2014-01-22,Healthcare
3535.0,0.5026853084564209,1.0,FREG.DE,2014-01-23,Healthcare
3536.0,0.5012534856796265,1.0,FREG.DE,2014-01-24,Healthcare
3537.0,0.5004258751869202,1.0,FREG.DE,2014-01-27,Healthcare
3538.0,0.500981867313385,0.0,FREG.DE,2014-01-28,Healthcare
3539.0,0.5013188719749451,1.0,FREG.DE,2014-01-29,Healthcare
3540.0,0.5013707876205444,1.0,FREG.DE,2014-01-30,Healthcare
3541.0,0.5015601515769958,0.0,FREG.DE,2014-01-31,Healthcare
3542.0,0.501602828502655,1.0,FREG.DE,2014-02-03,Healthcare
3543.0,0.5013095736503601,0.0,FREG.DE,2014-02-04,Healthcare
3544.0,0.5010029077529907,1.0,FREG.DE,2014-02-05,Healthcare
3545.0,0.4998834431171417,0.0,FREG.DE,2014-02-06,Healthcare
3546.0,0.4993354380130768,1.0,FREG.DE,2014-02-07,Healthcare
3547.0,0.49942800402641296,1.0,FREG.DE,2014-02-10,Healthcare
3548.0,0.49939611554145813,0.0,FREG.DE,2014-02-11,Healthcare
3549.0,0.5004690885543823,1.0,FREG.DE,2014-02-12,Healthcare
3550.0,0.49961528182029724,1.0,FREG.DE,2014-02-13,Healthcare
3551.0,0.499413400888443,1.0,FREG.DE,2014-02-14,Healthcare
3552.0,0.4988071918487549,1.0,FREG.DE,2014-02-17,Healthcare
3553.0,0.4987499713897705,0.0,FREG.DE,2014-02-18,Healthcare
3554.0,0.4994256794452667,1.0,FREG.DE,2014-02-19,Healthcare
3555.0,0.5002782940864563,1.0,FREG.DE,2014-02-20,Healthcare
3556.0,0.5009096264839172,0.0,FREG.DE,2014-02-21,Healthcare
3557.0,0.500991940498352,0.0,FREG.DE,2014-02-24,Healthcare
3558.0,0.501349687576294,0.0,FREG.DE,2014-02-25,Healthcare
3559.0,0.502008855342865,0.0,FREG.DE,2014-02-26,Healthcare
3560.0,0.502657949924469,0.0,FREG.DE,2014-02-27,Healthcare
3561.0,0.5026843547821045,1.0,FREG.DE,2014-02-28,Healthcare
3562.0,0.5015424489974976,1.0,FREG.DE,2014-03-03,Healthcare
3563.0,0.5012609362602234,0.0,FREG.DE,2014-03-04,Healthcare
3564.0,0.5011709332466125,0.0,FREG.DE,2014-03-05,Healthcare
3565.0,0.5007539391517639,0.0,FREG.DE,2014-03-06,Healthcare
3566.0,0.5004773139953613,0.0,FREG.DE,2014-03-07,Healthcare
3567.0,0.49863290786743164,1.0,FREG.DE,2014-03-10,Healthcare
3568.0,0.49702924489974976,1.0,FREG.DE,2014-03-11,Healthcare
3569.0,0.49764975905418396,1.0,FREG.DE,2014-03-12,Healthcare
3570.0,0.49884748458862305,1.0,FREG.DE,2014-03-13,Healthcare
3571.0,0.4989840090274811,1.0,FREG.DE,2014-03-14,Healthcare
3572.0,0.49923986196517944,0.0,FREG.DE,2014-03-17,Healthcare
3573.0,0.49863171577453613,0.0,FREG.DE,2014-03-18,Healthcare
3574.0,0.4984210729598999,1.0,FREG.DE,2014-03-19,Healthcare
3575.0,0.4992106854915619,1.0,FREG.DE,2014-03-20,Healthcare
3576.0,0.49898016452789307,1.0,FREG.DE,2014-03-21,Healthcare
3577.0,0.49867191910743713,1.0,FREG.DE,2014-03-24,Healthcare
3578.0,0.5012582540512085,1.0,FREG.DE,2014-03-25,Healthcare
3579.0,0.501468300819397,0.0,FREG.DE,2014-03-26,Healthcare
3580.0,0.5020973086357117,1.0,FREG.DE,2014-03-27,Healthcare
3581.0,0.502923846244812,0.0,FREG.DE,2014-03-28,Healthcare
3582.0,0.5031855702400208,1.0,FREG.DE,2014-03-31,Healthcare
3583.0,0.5033230185508728,0.0,FREG.DE,2014-04-01,Healthcare
3584.0,0.5020976066589355,0.0,FREG.DE,2014-04-02,Healthcare
3585.0,0.5032427310943604,1.0,FREG.DE,2014-04-03,Healthcare
3586.0,0.5038164854049683,0.0,FREG.DE,2014-04-04,Healthcare
3587.0,0.5051972270011902,1.0,FREG.DE,2014-04-07,Healthcare
3588.0,0.505397617816925,0.0,FREG.DE,2014-04-08,Healthcare
3589.0,0.5046244263648987,0.0,FREG.DE,2014-04-09,Healthcare
3590.0,0.5015584230422974,1.0,FREG.DE,2014-04-10,Healthcare
3591.0,0.5012805461883545,0.0,FREG.DE,2014-04-11,Healthcare
3592.0,0.5006084442138672,1.0,FREG.DE,2014-04-14,Healthcare
3593.0,0.5000141263008118,1.0,FREG.DE,2014-04-15,Healthcare
3594.0,0.49956318736076355,1.0,FREG.DE,2014-04-16,Healthcare
3595.0,0.4984566569328308,0.0,FREG.DE,2014-04-17,Healthcare
3596.0,0.49860385060310364,1.0,FREG.DE,2014-04-22,Healthcare
3597.0,0.49790042638778687,1.0,FREG.DE,2014-04-23,Healthcare
3598.0,0.49801215529441833,0.0,FREG.DE,2014-04-24,Healthcare
3599.0,0.4977358281612396,1.0,FREG.DE,2014-04-25,Healthcare
3600.0,0.499013215303421,0.0,FREG.DE,2014-04-28,Healthcare
3601.0,0.4997606575489044,1.0,FREG.DE,2014-04-29,Healthcare
3602.0,0.5001671314239502,0.0,FREG.DE,2014-04-30,Healthcare
3603.0,0.5003811120986938,0.0,FREG.DE,2014-05-02,Healthcare
3604.0,0.5020515322685242,0.0,FREG.DE,2014-05-05,Healthcare
3605.0,0.5026261806488037,1.0,FREG.DE,2014-05-06,Healthcare
3606.0,0.5023739337921143,1.0,FREG.DE,2014-05-07,Healthcare
3607.0,0.5013343095779419,0.0,FREG.DE,2014-05-08,Healthcare
3608.0,0.5004634857177734,1.0,FREG.DE,2014-05-09,Healthcare
3609.0,0.5015101432800293,0.0,FREG.DE,2014-05-12,Healthcare
3610.0,0.501809298992157,1.0,FREG.DE,2014-05-13,Healthcare
3611.0,0.5017964839935303,0.0,FREG.DE,2014-05-14,Healthcare
3612.0,0.5005165338516235,1.0,FREG.DE,2014-05-15,Healthcare
3613.0,0.4998939037322998,0.0,FREG.DE,2014-05-16,Healthcare
3614.0,0.4997314214706421,0.0,FREG.DE,2014-05-19,Healthcare
3615.0,0.5010059475898743,0.0,FREG.DE,2014-05-20,Healthcare
3616.0,0.5011530518531799,0.0,FREG.DE,2014-05-21,Healthcare
3617.0,0.5025149583816528,0.0,FREG.DE,2014-05-22,Healthcare
3618.0,0.503443717956543,0.0,FREG.DE,2014-05-23,Healthcare
3619.0,0.5037367939949036,0.0,FREG.DE,2014-05-26,Healthcare
3620.0,0.5029134154319763,0.0,FREG.DE,2014-05-27,Healthcare
3621.0,0.5021917223930359,1.0,FREG.DE,2014-05-28,Healthcare
3622.0,0.5010449886322021,0.0,FREG.DE,2014-05-29,Healthcare
3623.0,0.5004403591156006,0.0,FREG.DE,2014-05-30,Healthcare
3624.0,0.49970993399620056,1.0,FREG.DE,2014-06-02,Healthcare
3625.0,0.4992219805717468,1.0,FREG.DE,2014-06-03,Healthcare
3626.0,0.49887794256210327,0.0,FREG.DE,2014-06-04,Healthcare
3627.0,0.4990299642086029,0.0,FREG.DE,2014-06-05,Healthcare
3628.0,0.4999179542064667,0.0,FREG.DE,2014-06-06,Healthcare
3629.0,0.5004978775978088,0.0,FREG.DE,2014-06-09,Healthcare
3630.0,0.5007701516151428,1.0,FREG.DE,2014-06-10,Healthcare
3631.0,0.5006017088890076,1.0,FREG.DE,2014-06-11,Healthcare
3632.0,0.5003901124000549,0.0,FREG.DE,2014-06-12,Healthcare
3633.0,0.5003510117530823,1.0,FREG.DE,2014-06-13,Healthcare
3634.0,0.5006087422370911,1.0,FREG.DE,2014-06-16,Healthcare
3635.0,0.5007689595222473,0.0,FREG.DE,2014-06-17,Healthcare
3636.0,0.5007371306419373,0.0,FREG.DE,2014-06-18,Healthcare
3637.0,0.5007324814796448,0.0,FREG.DE,2014-06-19,Healthcare
3638.0,0.5006068348884583,0.0,FREG.DE,2014-06-20,Healthcare
3639.0,0.5007097721099854,0.0,FREG.DE,2014-06-23,Healthcare
3640.0,0.5004059672355652,1.0,FREG.DE,2014-06-24,Healthcare
3641.0,0.5001532435417175,0.0,FREG.DE,2014-06-25,Healthcare
3642.0,0.499897837638855,1.0,FREG.DE,2014-06-26,Healthcare
3643.0,0.5000491142272949,1.0,FREG.DE,2014-06-27,Healthcare
3644.0,0.5000496506690979,0.0,FREG.DE,2014-06-30,Healthcare
3645.0,0.49921679496765137,0.0,FREG.DE,2014-07-01,Healthcare
3646.0,0.4992850720882416,1.0,FREG.DE,2014-07-02,Healthcare
3647.0,0.4993401765823364,0.0,FREG.DE,2014-07-03,Healthcare
3648.0,0.49904125928878784,1.0,FREG.DE,2014-07-04,Healthcare
3649.0,0.4994681179523468,1.0,FREG.DE,2014-07-07,Healthcare
3650.0,0.4987003803253174,1.0,FREG.DE,2014-07-08,Healthcare
3651.0,0.4991515576839447,0.0,FREG.DE,2014-07-09,Healthcare
3652.0,0.5000895261764526,1.0,FREG.DE,2014-07-10,Healthcare
3653.0,0.5002689957618713,1.0,FREG.DE,2014-07-11,Healthcare
3654.0,0.5003170967102051,0.0,FREG.DE,2014-07-14,Healthcare
3655.0,0.5016220211982727,0.0,FREG.DE,2014-07-15,Healthcare
3656.0,0.5020690560340881,1.0,FREG.DE,2014-07-16,Healthcare
3657.0,0.50260329246521,1.0,FREG.DE,2014-07-17,Healthcare
3658.0,0.5023032426834106,0.0,FREG.DE,2014-07-18,Healthcare
3659.0,0.5018008947372437,0.0,FREG.DE,2014-07-21,Healthcare
3660.0,0.5010826587677002,0.0,FREG.DE,2014-07-22,Healthcare
3661.0,0.5004580020904541,0.0,FREG.DE,2014-07-23,Healthcare
3662.0,0.5002585053443909,0.0,FREG.DE,2014-07-24,Healthcare
3663.0,0.5005965828895569,0.0,FREG.DE,2014-07-25,Healthcare
3664.0,0.4999861419200897,1.0,FREG.DE,2014-07-28,Healthcare
3665.0,0.501810610294342,0.0,FREG.DE,2014-07-29,Healthcare
3666.0,0.5018675327301025,1.0,FREG.DE,2014-07-30,Healthcare
3667.0,0.5005756616592407,1.0,FREG.DE,2014-07-31,Healthcare
3668.0,0.49931129813194275,1.0,FREG.DE,2014-08-01,Healthcare
3669.0,0.4990292191505432,1.0,FREG.DE,2014-08-04,Healthcare
3670.0,0.49914467334747314,1.0,FREG.DE,2014-08-05,Healthcare
3671.0,0.4993846118450165,0.0,FREG.DE,2014-08-06,Healthcare
3672.0,0.4988534450531006,0.0,FREG.DE,2014-08-07,Healthcare
3673.0,0.4988681972026825,0.0,FREG.DE,2014-08-08,Healthcare
3674.0,0.49890029430389404,0.0,FREG.DE,2014-08-11,Healthcare
3675.0,0.4992031455039978,0.0,FREG.DE,2014-08-12,Healthcare
3676.0,0.5024215579032898,0.0,FREG.DE,2014-08-13,Healthcare
3677.0,0.5029054880142212,1.0,FREG.DE,2014-08-14,Healthcare
3678.0,0.5025455355644226,0.0,FREG.DE,2014-08-15,Healthcare
3679.0,0.5027894973754883,0.0,FREG.DE,2014-08-18,Healthcare
3680.0,0.5018974542617798,1.0,FREG.DE,2014-08-19,Healthcare
3681.0,0.500515341758728,1.0,FREG.DE,2014-08-20,Healthcare
3682.0,0.49938586354255676,1.0,FREG.DE,2014-08-21,Healthcare
3683.0,0.49973446130752563,1.0,FREG.DE,2014-08-22,Healthcare
3684.0,0.49919843673706055,0.0,FREG.DE,2014-08-25,Healthcare
3685.0,0.49976393580436707,0.0,FREG.DE,2014-08-26,Healthcare
3686.0,0.5014960765838623,0.0,FREG.DE,2014-08-27,Healthcare
3687.0,0.5005760192871094,1.0,FREG.DE,2014-08-28,Healthcare
3688.0,0.5011788606643677,1.0,FREG.DE,2014-08-29,Healthcare
3689.0,0.5025501251220703,1.0,FREG.DE,2014-09-01,Healthcare
3690.0,0.5030296444892883,0.0,FREG.DE,2014-09-02,Healthcare
3691.0,0.5034109354019165,0.0,FREG.DE,2014-09-03,Healthcare
3692.0,0.5029802918434143,0.0,FREG.DE,2014-09-04,Healthcare
3693.0,0.5032787322998047,1.0,FREG.DE,2014-09-05,Healthcare
3694.0,0.5033501386642456,1.0,FREG.DE,2014-09-08,Healthcare
3695.0,0.5025812387466431,1.0,FREG.DE,2014-09-09,Healthcare
3696.0,0.5013754963874817,1.0,FREG.DE,2014-09-10,Healthcare
3697.0,0.5008641481399536,0.0,FREG.DE,2014-09-11,Healthcare
3698.0,0.5011470913887024,0.0,FREG.DE,2014-09-12,Healthcare
3699.0,0.5010923147201538,1.0,FREG.DE,2014-09-15,Healthcare
3700.0,0.501340389251709,0.0,FREG.DE,2014-09-16,Healthcare
3701.0,0.5009849667549133,0.0,FREG.DE,2014-09-17,Healthcare
3702.0,0.5017082095146179,0.0,FREG.DE,2014-09-18,Healthcare
3703.0,0.5031765699386597,0.0,FREG.DE,2014-09-19,Healthcare
3704.0,0.5038050413131714,0.0,FREG.DE,2014-09-22,Healthcare
3705.0,0.5041596293449402,1.0,FREG.DE,2014-09-23,Healthcare
3706.0,0.5033488273620605,1.0,FREG.DE,2014-09-24,Healthcare
3707.0,0.5012726187705994,1.0,FREG.DE,2014-09-25,Healthcare
3708.0,0.5007001757621765,1.0,FREG.DE,2014-09-26,Healthcare
3709.0,0.4999910891056061,1.0,FREG.DE,2014-09-29,Healthcare
3710.0,0.49962830543518066,1.0,FREG.DE,2014-09-30,Healthcare
3711.0,0.4999922811985016,1.0,FREG.DE,2014-10-01,Healthcare
3712.0,0.500434935092926,1.0,FREG.DE,2014-10-02,Healthcare
3713.0,0.49996060132980347,0.0,FREG.DE,2014-10-06,Healthcare
3714.0,0.49926242232322693,1.0,FREG.DE,2014-10-07,Healthcare
3715.0,0.4996127784252167,1.0,FREG.DE,2014-10-08,Healthcare
3716.0,0.49958866834640503,1.0,FREG.DE,2014-10-09,Healthcare
3717.0,0.5000664591789246,1.0,FREG.DE,2014-10-10,Healthcare
3718.0,0.5007290244102478,0.0,FREG.DE,2014-10-13,Healthcare
3719.0,0.5014638304710388,0.0,FREG.DE,2014-10-14,Healthcare
3720.0,0.5015926957130432,1.0,FREG.DE,2014-10-15,Healthcare
3721.0,0.5005531907081604,0.0,FREG.DE,2014-10-16,Healthcare
3722.0,0.4992949366569519,1.0,FREG.DE,2014-10-17,Healthcare
3723.0,0.49853572249412537,0.0,FREG.DE,2014-10-20,Healthcare
3724.0,0.5006976127624512,0.0,FREG.DE,2014-10-21,Healthcare
3725.0,0.5022620558738708,0.0,FREG.DE,2014-10-22,Healthcare
3726.0,0.5017416477203369,1.0,FREG.DE,2014-10-23,Healthcare
3727.0,0.5005968809127808,1.0,FREG.DE,2014-10-24,Healthcare
3728.0,0.4993852972984314,1.0,FREG.DE,2014-10-27,Healthcare
3729.0,0.49811863899230957,0.0,FREG.DE,2014-10-28,Healthcare
3730.0,0.4970549941062927,1.0,FREG.DE,2014-10-29,Healthcare
3731.0,0.5006597638130188,0.0,FREG.DE,2014-10-30,Healthcare
3732.0,0.501481831073761,0.0,FREG.DE,2014-10-31,Healthcare
3733.0,0.5018684267997742,1.0,FREG.DE,2014-11-03,Healthcare
3734.0,0.5024861693382263,1.0,FREG.DE,2014-11-04,Healthcare
3735.0,0.5039344429969788,0.0,FREG.DE,2014-11-05,Healthcare
3736.0,0.5043456554412842,0.0,FREG.DE,2014-11-06,Healthcare
3737.0,0.5046777725219727,1.0,FREG.DE,2014-11-07,Healthcare
3738.0,0.5055876970291138,1.0,FREG.DE,2014-11-10,Healthcare
3739.0,0.5078747272491455,0.0,FREG.DE,2014-11-11,Healthcare
3740.0,0.5066347122192383,1.0,FREG.DE,2014-11-12,Healthcare
3741.0,0.5063495635986328,1.0,FREG.DE,2014-11-13,Healthcare
3742.0,0.5052837133407593,0.0,FREG.DE,2014-11-14,Healthcare
3743.0,0.5037409663200378,0.0,FREG.DE,2014-11-17,Healthcare
3744.0,0.5033631324768066,1.0,FREG.DE,2014-11-18,Healthcare
3745.0,0.5025040507316589,0.0,FREG.DE,2014-11-19,Healthcare
3746.0,0.5014582276344299,1.0,FREG.DE,2014-11-20,Healthcare
3747.0,0.5015730857849121,0.0,FREG.DE,2014-11-21,Healthcare
3748.0,0.5009750723838806,0.0,FREG.DE,2014-11-24,Healthcare
3749.0,0.5002045631408691,1.0,FREG.DE,2014-11-25,Healthcare
3750.0,0.5002284646034241,1.0,HEIG.DE,2013-11-28,Basic Materials
3751.0,0.4998438060283661,0.0,HEIG.DE,2013-11-29,Basic Materials
3752.0,0.500174880027771,0.0,HEIG.DE,2013-12-02,Basic Materials
3753.0,0.5013346672058105,0.0,HEIG.DE,2013-12-03,Basic Materials
3754.0,0.5015801191329956,0.0,HEIG.DE,2013-12-04,Basic Materials
3755.0,0.5009366273880005,1.0,HEIG.DE,2013-12-05,Basic Materials
3756.0,0.5025559663772583,0.0,HEIG.DE,2013-12-06,Basic Materials
3757.0,0.5005112290382385,0.0,HEIG.DE,2013-12-09,Basic Materials
3758.0,0.4988638758659363,1.0,HEIG.DE,2013-12-10,Basic Materials
3759.0,0.4983830749988556,1.0,HEIG.DE,2013-12-11,Basic Materials
3760.0,0.49887117743492126,1.0,HEIG.DE,2013-12-12,Basic Materials
3761.0,0.49835237860679626,1.0,HEIG.DE,2013-12-13,Basic Materials
3762.0,0.49890533089637756,0.0,HEIG.DE,2013-12-16,Basic Materials
3763.0,0.4998505115509033,0.0,HEIG.DE,2013-12-17,Basic Materials
3764.0,0.5002094507217407,0.0,HEIG.DE,2013-12-18,Basic Materials
3765.0,0.5006078481674194,0.0,HEIG.DE,2013-12-19,Basic Materials
3766.0,0.5015965104103088,0.0,HEIG.DE,2013-12-20,Basic Materials
3767.0,0.5006400942802429,0.0,HEIG.DE,2013-12-23,Basic Materials
3768.0,0.5007765889167786,1.0,HEIG.DE,2013-12-27,Basic Materials
3769.0,0.5006564259529114,1.0,HEIG.DE,2013-12-30,Basic Materials
3770.0,0.5006248950958252,1.0,HEIG.DE,2014-01-02,Basic Materials
3771.0,0.5004081130027771,1.0,HEIG.DE,2014-01-03,Basic Materials
3772.0,0.5001446008682251,0.0,HEIG.DE,2014-01-06,Basic Materials
3773.0,0.4998946189880371,0.0,HEIG.DE,2014-01-07,Basic Materials
3774.0,0.4996787905693054,1.0,HEIG.DE,2014-01-08,Basic Materials
3775.0,0.5005987286567688,1.0,HEIG.DE,2014-01-09,Basic Materials
3776.0,0.5019367337226868,1.0,HEIG.DE,2014-01-10,Basic Materials
3777.0,0.5032196640968323,1.0,HEIG.DE,2014-01-13,Basic Materials
3778.0,0.5042620897293091,0.0,HEIG.DE,2014-01-14,Basic Materials
3779.0,0.5041083097457886,0.0,HEIG.DE,2014-01-15,Basic Materials
3780.0,0.5044234395027161,1.0,HEIG.DE,2014-01-16,Basic Materials
3781.0,0.5035696029663086,0.0,HEIG.DE,2014-01-17,Basic Materials
3782.0,0.5026879906654358,1.0,HEIG.DE,2014-01-20,Basic Materials
3783.0,0.5023229718208313,0.0,HEIG.DE,2014-01-21,Basic Materials
3784.0,0.5016616582870483,1.0,HEIG.DE,2014-01-22,Basic Materials
3785.0,0.5022307634353638,1.0,HEIG.DE,2014-01-23,Basic Materials
3786.0,0.5032793283462524,0.0,HEIG.DE,2014-01-24,Basic Materials
3787.0,0.5026782155036926,0.0,HEIG.DE,2014-01-27,Basic Materials
3788.0,0.5018724203109741,1.0,HEIG.DE,2014-01-28,Basic Materials
3789.0,0.5013554096221924,1.0,HEIG.DE,2014-01-29,Basic Materials
3790.0,0.5007307529449463,0.0,HEIG.DE,2014-01-30,Basic Materials
3791.0,0.5003566145896912,0.0,HEIG.DE,2014-01-31,Basic Materials
3792.0,0.500029981136322,0.0,HEIG.DE,2014-02-03,Basic Materials
3793.0,0.502633810043335,1.0,HEIG.DE,2014-02-04,Basic Materials
3794.0,0.5029109120368958,1.0,HEIG.DE,2014-02-05,Basic Materials
3795.0,0.5008020997047424,0.0,HEIG.DE,2014-02-06,Basic Materials
3796.0,0.4990164041519165,1.0,HEIG.DE,2014-02-07,Basic Materials
3797.0,0.4989929497241974,0.0,HEIG.DE,2014-02-10,Basic Materials
3798.0,0.499349445104599,1.0,HEIG.DE,2014-02-11,Basic Materials
3799.0,0.499229371547699,1.0,HEIG.DE,2014-02-12,Basic Materials
3800.0,0.49827587604522705,0.0,HEIG.DE,2014-02-13,Basic Materials
3801.0,0.4974169135093689,0.0,HEIG.DE,2014-02-14,Basic Materials
3802.0,0.498464435338974,0.0,HEIG.DE,2014-02-17,Basic Materials
3803.0,0.49932870268821716,0.0,HEIG.DE,2014-02-18,Basic Materials
3804.0,0.5004293918609619,1.0,HEIG.DE,2014-02-19,Basic Materials
3805.0,0.5019022822380066,0.0,HEIG.DE,2014-02-20,Basic Materials
3806.0,0.5019131898880005,1.0,HEIG.DE,2014-02-21,Basic Materials
3807.0,0.5031768083572388,1.0,HEIG.DE,2014-02-24,Basic Materials
3808.0,0.5042924284934998,1.0,HEIG.DE,2014-02-25,Basic Materials
3809.0,0.5039674639701843,0.0,HEIG.DE,2014-02-26,Basic Materials
3810.0,0.5037425756454468,1.0,HEIG.DE,2014-02-27,Basic Materials
3811.0,0.5027793645858765,0.0,HEIG.DE,2014-02-28,Basic Materials
3812.0,0.5015877485275269,1.0,HEIG.DE,2014-03-03,Basic Materials
3813.0,0.5015997886657715,1.0,HEIG.DE,2014-03-04,Basic Materials
3814.0,0.5007861852645874,1.0,HEIG.DE,2014-03-05,Basic Materials
3815.0,0.5019601583480835,1.0,HEIG.DE,2014-03-06,Basic Materials
3816.0,0.5028303861618042,0.0,HEIG.DE,2014-03-07,Basic Materials
3817.0,0.503954291343689,0.0,HEIG.DE,2014-03-10,Basic Materials
3818.0,0.5032957196235657,1.0,HEIG.DE,2014-03-11,Basic Materials
3819.0,0.5000924468040466,1.0,HEIG.DE,2014-03-12,Basic Materials
3820.0,0.5011618137359619,0.0,HEIG.DE,2014-03-13,Basic Materials
3821.0,0.5024580359458923,0.0,HEIG.DE,2014-03-14,Basic Materials
3822.0,0.5072076916694641,1.0,HEIG.DE,2014-03-17,Basic Materials
3823.0,0.5062275528907776,0.0,HEIG.DE,2014-03-18,Basic Materials
3824.0,0.5045272707939148,0.0,HEIG.DE,2014-03-19,Basic Materials
3825.0,0.5042231678962708,0.0,HEIG.DE,2014-03-20,Basic Materials
3826.0,0.5029014348983765,1.0,HEIG.DE,2014-03-21,Basic Materials
3827.0,0.5010894536972046,0.0,HEIG.DE,2014-03-24,Basic Materials
3828.0,0.4994247257709503,0.0,HEIG.DE,2014-03-25,Basic Materials
3829.0,0.5003930330276489,0.0,HEIG.DE,2014-03-26,Basic Materials
3830.0,0.5014315843582153,0.0,HEIG.DE,2014-03-27,Basic Materials
3831.0,0.5008804202079773,0.0,HEIG.DE,2014-03-28,Basic Materials
3832.0,0.5001992583274841,1.0,HEIG.DE,2014-03-31,Basic Materials
3833.0,0.5017675161361694,1.0,HEIG.DE,2014-04-01,Basic Materials
3834.0,0.5012037754058838,1.0,HEIG.DE,2014-04-02,Basic Materials
3835.0,0.5019140243530273,0.0,HEIG.DE,2014-04-03,Basic Materials
3836.0,0.5024837851524353,1.0,HEIG.DE,2014-04-04,Basic Materials
3837.0,0.5024558305740356,0.0,HEIG.DE,2014-04-07,Basic Materials
3838.0,0.5025936961174011,0.0,HEIG.DE,2014-04-08,Basic Materials
3839.0,0.5038596391677856,1.0,HEIG.DE,2014-04-09,Basic Materials
3840.0,0.5059327483177185,1.0,HEIG.DE,2014-04-10,Basic Materials
3841.0,0.5051130652427673,1.0,HEIG.DE,2014-04-11,Basic Materials
3842.0,0.507911741733551,1.0,HEIG.DE,2014-04-14,Basic Materials
3843.0,0.5056705474853516,0.0,HEIG.DE,2014-04-15,Basic Materials
3844.0,0.5029988884925842,0.0,HEIG.DE,2014-04-16,Basic Materials
3845.0,0.5022010803222656,0.0,HEIG.DE,2014-04-17,Basic Materials
3846.0,0.5015652775764465,0.0,HEIG.DE,2014-04-22,Basic Materials
3847.0,0.5003651976585388,0.0,HEIG.DE,2014-04-23,Basic Materials
3848.0,0.5003162622451782,0.0,HEIG.DE,2014-04-24,Basic Materials
3849.0,0.49950820207595825,1.0,HEIG.DE,2014-04-25,Basic Materials
3850.0,0.49925169348716736,1.0,HEIG.DE,2014-04-28,Basic Materials
3851.0,0.49919992685317993,1.0,HEIG.DE,2014-04-29,Basic Materials
3852.0,0.49920371174812317,0.0,HEIG.DE,2014-04-30,Basic Materials
3853.0,0.499220073223114,1.0,HEIG.DE,2014-05-02,Basic Materials
3854.0,0.5005300045013428,1.0,HEIG.DE,2014-05-05,Basic Materials
3855.0,0.5007390379905701,0.0,HEIG.DE,2014-05-06,Basic Materials
3856.0,0.5004304051399231,0.0,HEIG.DE,2014-05-07,Basic Materials
3857.0,0.4996848404407501,1.0,HEIG.DE,2014-05-08,Basic Materials
3858.0,0.5002946257591248,0.0,HEIG.DE,2014-05-09,Basic Materials
3859.0,0.5020266771316528,1.0,HEIG.DE,2014-05-12,Basic Materials
3860.0,0.5019203424453735,1.0,HEIG.DE,2014-05-13,Basic Materials
3861.0,0.501211941242218,0.0,HEIG.DE,2014-05-14,Basic Materials
3862.0,0.5008522868156433,0.0,HEIG.DE,2014-05-15,Basic Materials
3863.0,0.5008683800697327,0.0,HEIG.DE,2014-05-16,Basic Materials
3864.0,0.5005698204040527,1.0,HEIG.DE,2014-05-19,Basic Materials
3865.0,0.4995082914829254,0.0,HEIG.DE,2014-05-20,Basic Materials
3866.0,0.5008977651596069,0.0,HEIG.DE,2014-05-21,Basic Materials
3867.0,0.5005462169647217,0.0,HEIG.DE,2014-05-22,Basic Materials
3868.0,0.5016294717788696,1.0,HEIG.DE,2014-05-23,Basic Materials
3869.0,0.5029388070106506,1.0,HEIG.DE,2014-05-26,Basic Materials
3870.0,0.5028592348098755,1.0,HEIG.DE,2014-05-27,Basic Materials
3871.0,0.5009768605232239,1.0,HEIG.DE,2014-05-28,Basic Materials
3872.0,0.4996953308582306,0.0,HEIG.DE,2014-05-29,Basic Materials
3873.0,0.5001593232154846,0.0,HEIG.DE,2014-05-30,Basic Materials
3874.0,0.5002596974372864,1.0,HEIG.DE,2014-06-02,Basic Materials
3875.0,0.5002837181091309,1.0,HEIG.DE,2014-06-03,Basic Materials
3876.0,0.5003937482833862,1.0,HEIG.DE,2014-06-04,Basic Materials
3877.0,0.5016313195228577,0.0,HEIG.DE,2014-06-05,Basic Materials
3878.0,0.5033645629882812,1.0,HEIG.DE,2014-06-06,Basic Materials
3879.0,0.5040044784545898,0.0,HEIG.DE,2014-06-09,Basic Materials
3880.0,0.504633903503418,0.0,HEIG.DE,2014-06-10,Basic Materials
3881.0,0.5039947628974915,0.0,HEIG.DE,2014-06-11,Basic Materials
3882.0,0.5025672316551208,1.0,HEIG.DE,2014-06-12,Basic Materials
3883.0,0.5021896958351135,0.0,HEIG.DE,2014-06-13,Basic Materials
3884.0,0.5019092559814453,1.0,HEIG.DE,2014-06-16,Basic Materials
3885.0,0.5018730759620667,0.0,HEIG.DE,2014-06-17,Basic Materials
3886.0,0.5016287565231323,0.0,HEIG.DE,2014-06-18,Basic Materials
3887.0,0.5021616220474243,1.0,HEIG.DE,2014-06-19,Basic Materials
3888.0,0.5018273591995239,0.0,HEIG.DE,2014-06-20,Basic Materials
3889.0,0.5014125108718872,0.0,HEIG.DE,2014-06-23,Basic Materials
3890.0,0.5005125403404236,1.0,HEIG.DE,2014-06-24,Basic Materials
3891.0,0.5004835724830627,0.0,HEIG.DE,2014-06-25,Basic Materials
3892.0,0.49975624680519104,0.0,HEIG.DE,2014-06-26,Basic Materials
3893.0,0.49979135394096375,1.0,HEIG.DE,2014-06-27,Basic Materials
3894.0,0.49981677532196045,1.0,HEIG.DE,2014-06-30,Basic Materials
3895.0,0.49972593784332275,1.0,HEIG.DE,2014-07-01,Basic Materials
3896.0,0.5003867149353027,1.0,HEIG.DE,2014-07-02,Basic Materials
3897.0,0.49997466802597046,1.0,HEIG.DE,2014-07-03,Basic Materials
3898.0,0.4991079270839691,1.0,HEIG.DE,2014-07-04,Basic Materials
3899.0,0.499089777469635,0.0,HEIG.DE,2014-07-07,Basic Materials
3900.0,0.49800074100494385,0.0,HEIG.DE,2014-07-08,Basic Materials
3901.0,0.4974585175514221,0.0,HEIG.DE,2014-07-09,Basic Materials
3902.0,0.49787724018096924,1.0,HEIG.DE,2014-07-10,Basic Materials
3903.0,0.4990290403366089,0.0,HEIG.DE,2014-07-11,Basic Materials
3904.0,0.500872015953064,1.0,HEIG.DE,2014-07-14,Basic Materials
3905.0,0.5017771124839783,0.0,HEIG.DE,2014-07-15,Basic Materials
3906.0,0.5032761096954346,0.0,HEIG.DE,2014-07-16,Basic Materials
3907.0,0.503689706325531,0.0,HEIG.DE,2014-07-17,Basic Materials
3908.0,0.5020456910133362,0.0,HEIG.DE,2014-07-18,Basic Materials
3909.0,0.5000950694084167,1.0,HEIG.DE,2014-07-21,Basic Materials
3910.0,0.4988749325275421,0.0,HEIG.DE,2014-07-22,Basic Materials
3911.0,0.4983048141002655,1.0,HEIG.DE,2014-07-23,Basic Materials
3912.0,0.4973064363002777,0.0,HEIG.DE,2014-07-24,Basic Materials
3913.0,0.498259961605072,1.0,HEIG.DE,2014-07-25,Basic Materials
3914.0,0.4981875717639923,0.0,HEIG.DE,2014-07-28,Basic Materials
3915.0,0.49906492233276367,1.0,HEIG.DE,2014-07-29,Basic Materials
3916.0,0.49900731444358826,0.0,HEIG.DE,2014-07-30,Basic Materials
3917.0,0.4982014000415802,0.0,HEIG.DE,2014-07-31,Basic Materials
3918.0,0.49803343415260315,0.0,HEIG.DE,2014-08-01,Basic Materials
3919.0,0.4989861845970154,1.0,HEIG.DE,2014-08-04,Basic Materials
3920.0,0.5003658533096313,0.0,HEIG.DE,2014-08-05,Basic Materials
3921.0,0.5011077523231506,0.0,HEIG.DE,2014-08-06,Basic Materials
3922.0,0.5006150007247925,0.0,HEIG.DE,2014-08-07,Basic Materials
3923.0,0.5003763437271118,1.0,HEIG.DE,2014-08-08,Basic Materials
3924.0,0.5015971064567566,1.0,HEIG.DE,2014-08-11,Basic Materials
3925.0,0.5004913806915283,0.0,HEIG.DE,2014-08-12,Basic Materials
3926.0,0.49890267848968506,1.0,HEIG.DE,2014-08-13,Basic Materials
3927.0,0.49751052260398865,1.0,HEIG.DE,2014-08-14,Basic Materials
3928.0,0.49794474244117737,1.0,HEIG.DE,2014-08-15,Basic Materials
3929.0,0.49848923087120056,1.0,HEIG.DE,2014-08-18,Basic Materials
3930.0,0.4986317753791809,0.0,HEIG.DE,2014-08-19,Basic Materials
3931.0,0.49808454513549805,0.0,HEIG.DE,2014-08-20,Basic Materials
3932.0,0.4983231723308563,1.0,HEIG.DE,2014-08-21,Basic Materials
3933.0,0.5008325576782227,1.0,HEIG.DE,2014-08-22,Basic Materials
3934.0,0.5010055899620056,0.0,HEIG.DE,2014-08-25,Basic Materials
3935.0,0.5026955604553223,1.0,HEIG.DE,2014-08-26,Basic Materials
3936.0,0.5046976208686829,0.0,HEIG.DE,2014-08-27,Basic Materials
3937.0,0.5044947266578674,1.0,HEIG.DE,2014-08-28,Basic Materials
3938.0,0.5058300495147705,0.0,HEIG.DE,2014-08-29,Basic Materials
3939.0,0.5061746835708618,0.0,HEIG.DE,2014-09-01,Basic Materials
3940.0,0.5049858093261719,0.0,HEIG.DE,2014-09-02,Basic Materials
3941.0,0.5045126080513,0.0,HEIG.DE,2014-09-03,Basic Materials
3942.0,0.5041573643684387,0.0,HEIG.DE,2014-09-04,Basic Materials
3943.0,0.5038051009178162,1.0,HEIG.DE,2014-09-05,Basic Materials
3944.0,0.5047481060028076,0.0,HEIG.DE,2014-09-08,Basic Materials
3945.0,0.5039829015731812,1.0,HEIG.DE,2014-09-09,Basic Materials
3946.0,0.5025435090065002,0.0,HEIG.DE,2014-09-10,Basic Materials
3947.0,0.501471757888794,0.0,HEIG.DE,2014-09-11,Basic Materials
3948.0,0.5005172491073608,0.0,HEIG.DE,2014-09-12,Basic Materials
3949.0,0.500235378742218,0.0,HEIG.DE,2014-09-15,Basic Materials
3950.0,0.5009098649024963,1.0,HEIG.DE,2014-09-16,Basic Materials
3951.0,0.5016161799430847,1.0,HEIG.DE,2014-09-17,Basic Materials
3952.0,0.5023175477981567,0.0,HEIG.DE,2014-09-18,Basic Materials
3953.0,0.5021272301673889,0.0,HEIG.DE,2014-09-19,Basic Materials
3954.0,0.5015985369682312,0.0,HEIG.DE,2014-09-22,Basic Materials
3955.0,0.500868022441864,0.0,HEIG.DE,2014-09-23,Basic Materials
3956.0,0.4991627335548401,0.0,HEIG.DE,2014-09-24,Basic Materials
3957.0,0.49798518419265747,0.0,HEIG.DE,2014-09-25,Basic Materials
3958.0,0.497112900018692,0.0,HEIG.DE,2014-09-26,Basic Materials
3959.0,0.4971807897090912,1.0,HEIG.DE,2014-09-29,Basic Materials
3960.0,0.49817976355552673,0.0,HEIG.DE,2014-09-30,Basic Materials
3961.0,0.4983441233634949,1.0,HEIG.DE,2014-10-01,Basic Materials
3962.0,0.4978141188621521,1.0,HEIG.DE,2014-10-02,Basic Materials
3963.0,0.4974408745765686,1.0,HEIG.DE,2014-10-06,Basic Materials
3964.0,0.49684515595436096,1.0,HEIG.DE,2014-10-07,Basic Materials
3965.0,0.49733999371528625,0.0,HEIG.DE,2014-10-08,Basic Materials
3966.0,0.4970358908176422,0.0,HEIG.DE,2014-10-09,Basic Materials
3967.0,0.4974406659603119,0.0,HEIG.DE,2014-10-10,Basic Materials
3968.0,0.4978666603565216,1.0,HEIG.DE,2014-10-13,Basic Materials
3969.0,0.49846595525741577,1.0,HEIG.DE,2014-10-14,Basic Materials
3970.0,0.49917057156562805,1.0,HEIG.DE,2014-10-15,Basic Materials
3971.0,0.49893611669540405,1.0,HEIG.DE,2014-10-16,Basic Materials
3972.0,0.5004395842552185,1.0,HEIG.DE,2014-10-17,Basic Materials
3973.0,0.5009828209877014,1.0,HEIG.DE,2014-10-20,Basic Materials
3974.0,0.5005878806114197,1.0,HEIG.DE,2014-10-21,Basic Materials
3975.0,0.5002438426017761,1.0,HEIG.DE,2014-10-22,Basic Materials
3976.0,0.49862349033355713,0.0,HEIG.DE,2014-10-23,Basic Materials
3977.0,0.4991793632507324,1.0,HEIG.DE,2014-10-24,Basic Materials
3978.0,0.5004987120628357,0.0,HEIG.DE,2014-10-27,Basic Materials
3979.0,0.4999805986881256,1.0,HEIG.DE,2014-10-28,Basic Materials
3980.0,0.4996694326400757,0.0,HEIG.DE,2014-10-29,Basic Materials
3981.0,0.5030595660209656,0.0,HEIG.DE,2014-10-30,Basic Materials
3982.0,0.5043106079101562,0.0,HEIG.DE,2014-10-31,Basic Materials
3983.0,0.506507933139801,1.0,HEIG.DE,2014-11-03,Basic Materials
3984.0,0.5070450901985168,0.0,HEIG.DE,2014-11-04,Basic Materials
3985.0,0.5057631731033325,0.0,HEIG.DE,2014-11-05,Basic Materials
3986.0,0.5044203400611877,1.0,HEIG.DE,2014-11-06,Basic Materials
3987.0,0.502589762210846,1.0,HEIG.DE,2014-11-07,Basic Materials
3988.0,0.5035032033920288,0.0,HEIG.DE,2014-11-10,Basic Materials
3989.0,0.5034102201461792,0.0,HEIG.DE,2014-11-11,Basic Materials
3990.0,0.5030109286308289,0.0,HEIG.DE,2014-11-12,Basic Materials
3991.0,0.5037599205970764,0.0,HEIG.DE,2014-11-13,Basic Materials
3992.0,0.5037397146224976,1.0,HEIG.DE,2014-11-14,Basic Materials
3993.0,0.5027704238891602,0.0,HEIG.DE,2014-11-17,Basic Materials
3994.0,0.5029937624931335,1.0,HEIG.DE,2014-11-18,Basic Materials
3995.0,0.5072598457336426,0.0,HEIG.DE,2014-11-19,Basic Materials
3996.0,0.50733882188797,0.0,HEIG.DE,2014-11-20,Basic Materials
3997.0,0.5067122578620911,1.0,HEIG.DE,2014-11-21,Basic Materials
3998.0,0.5053653717041016,0.0,HEIG.DE,2014-11-24,Basic Materials
3999.0,0.5027616024017334,1.0,HEIG.DE,2014-11-25,Basic Materials
4000.0,0.49934685230255127,1.0,HNKG_p.DE,2013-11-28,Basic Materials
4001.0,0.4999483525753021,0.0,HNKG_p.DE,2013-11-29,Basic Materials
4002.0,0.5000042915344238,1.0,HNKG_p.DE,2013-12-02,Basic Materials
4003.0,0.5003438591957092,1.0,HNKG_p.DE,2013-12-03,Basic Materials
4004.0,0.5000677704811096,1.0,HNKG_p.DE,2013-12-04,Basic Materials
4005.0,0.5005586743354797,0.0,HNKG_p.DE,2013-12-05,Basic Materials
4006.0,0.5013440251350403,0.0,HNKG_p.DE,2013-12-06,Basic Materials
4007.0,0.4997725486755371,0.0,HNKG_p.DE,2013-12-09,Basic Materials
4008.0,0.49895864725112915,1.0,HNKG_p.DE,2013-12-10,Basic Materials
4009.0,0.4983538091182709,1.0,HNKG_p.DE,2013-12-11,Basic Materials
4010.0,0.4983338415622711,0.0,HNKG_p.DE,2013-12-12,Basic Materials
4011.0,0.4983953535556793,1.0,HNKG_p.DE,2013-12-13,Basic Materials
4012.0,0.49883654713630676,0.0,HNKG_p.DE,2013-12-16,Basic Materials
4013.0,0.4989559054374695,1.0,HNKG_p.DE,2013-12-17,Basic Materials
4014.0,0.4983232319355011,1.0,HNKG_p.DE,2013-12-18,Basic Materials
4015.0,0.49846959114074707,0.0,HNKG_p.DE,2013-12-19,Basic Materials
4016.0,0.4997934103012085,1.0,HNKG_p.DE,2013-12-20,Basic Materials
4017.0,0.4999295771121979,0.0,HNKG_p.DE,2013-12-23,Basic Materials
4018.0,0.5020322799682617,0.0,HNKG_p.DE,2013-12-27,Basic Materials
4019.0,0.5028674602508545,0.0,HNKG_p.DE,2013-12-30,Basic Materials
4020.0,0.5034813284873962,0.0,HNKG_p.DE,2014-01-02,Basic Materials
4021.0,0.5038666129112244,1.0,HNKG_p.DE,2014-01-03,Basic Materials
4022.0,0.5040862560272217,0.0,HNKG_p.DE,2014-01-06,Basic Materials
4023.0,0.5041862726211548,0.0,HNKG_p.DE,2014-01-07,Basic Materials
4024.0,0.5042007565498352,0.0,HNKG_p.DE,2014-01-08,Basic Materials
4025.0,0.5041486620903015,1.0,HNKG_p.DE,2014-01-09,Basic Materials
4026.0,0.5032216906547546,0.0,HNKG_p.DE,2014-01-10,Basic Materials
4027.0,0.5021735429763794,0.0,HNKG_p.DE,2014-01-13,Basic Materials
4028.0,0.5012363195419312,1.0,HNKG_p.DE,2014-01-14,Basic Materials
4029.0,0.499574214220047,0.0,HNKG_p.DE,2014-01-15,Basic Materials
4030.0,0.49995896220207214,1.0,HNKG_p.DE,2014-01-16,Basic Materials
4031.0,0.4996023178100586,1.0,HNKG_p.DE,2014-01-17,Basic Materials
4032.0,0.49899110198020935,0.0,HNKG_p.DE,2014-01-20,Basic Materials
4033.0,0.49846965074539185,1.0,HNKG_p.DE,2014-01-21,Basic Materials
4034.0,0.4981061518192291,0.0,HNKG_p.DE,2014-01-22,Basic Materials
4035.0,0.4982217252254486,1.0,HNKG_p.DE,2014-01-23,Basic Materials
4036.0,0.49840715527534485,1.0,HNKG_p.DE,2014-01-24,Basic Materials
4037.0,0.49970853328704834,0.0,HNKG_p.DE,2014-01-27,Basic Materials
4038.0,0.5002581477165222,0.0,HNKG_p.DE,2014-01-28,Basic Materials
4039.0,0.501198947429657,0.0,HNKG_p.DE,2014-01-29,Basic Materials
4040.0,0.5019115209579468,0.0,HNKG_p.DE,2014-01-30,Basic Materials
4041.0,0.5015465021133423,1.0,HNKG_p.DE,2014-01-31,Basic Materials
4042.0,0.5027997493743896,1.0,HNKG_p.DE,2014-02-03,Basic Materials
4043.0,0.5021559596061707,1.0,HNKG_p.DE,2014-02-04,Basic Materials
4044.0,0.5012807846069336,1.0,HNKG_p.DE,2014-02-05,Basic Materials
4045.0,0.49970152974128723,1.0,HNKG_p.DE,2014-02-06,Basic Materials
4046.0,0.49861133098602295,0.0,HNKG_p.DE,2014-02-07,Basic Materials
4047.0,0.49797481298446655,1.0,HNKG_p.DE,2014-02-10,Basic Materials
4048.0,0.4975878894329071,0.0,HNKG_p.DE,2014-02-11,Basic Materials
4049.0,0.49776971340179443,0.0,HNKG_p.DE,2014-02-12,Basic Materials
4050.0,0.49824976921081543,1.0,HNKG_p.DE,2014-02-13,Basic Materials
4051.0,0.4995664358139038,0.0,HNKG_p.DE,2014-02-14,Basic Materials
4052.0,0.4997456669807434,1.0,HNKG_p.DE,2014-02-17,Basic Materials
4053.0,0.5002713799476624,1.0,HNKG_p.DE,2014-02-18,Basic Materials
4054.0,0.5019333958625793,1.0,HNKG_p.DE,2014-02-19,Basic Materials
4055.0,0.5014378428459167,0.0,HNKG_p.DE,2014-02-20,Basic Materials
4056.0,0.5015542507171631,0.0,HNKG_p.DE,2014-02-21,Basic Materials
4057.0,0.5024591088294983,0.0,HNKG_p.DE,2014-02-24,Basic Materials
4058.0,0.5023706555366516,1.0,HNKG_p.DE,2014-02-25,Basic Materials
4059.0,0.5028324127197266,0.0,HNKG_p.DE,2014-02-26,Basic Materials
4060.0,0.5024492144584656,0.0,HNKG_p.DE,2014-02-27,Basic Materials
4061.0,0.5022002458572388,0.0,HNKG_p.DE,2014-02-28,Basic Materials
4062.0,0.5020563006401062,1.0,HNKG_p.DE,2014-03-03,Basic Materials
4063.0,0.5020374655723572,0.0,HNKG_p.DE,2014-03-04,Basic Materials
4064.0,0.4998598098754883,0.0,HNKG_p.DE,2014-03-05,Basic Materials
4065.0,0.49873751401901245,0.0,HNKG_p.DE,2014-03-06,Basic Materials
4066.0,0.4988729655742645,0.0,HNKG_p.DE,2014-03-07,Basic Materials
4067.0,0.4997766613960266,1.0,HNKG_p.DE,2014-03-10,Basic Materials
4068.0,0.4999801218509674,1.0,HNKG_p.DE,2014-03-11,Basic Materials
4069.0,0.4987275302410126,0.0,HNKG_p.DE,2014-03-12,Basic Materials
4070.0,0.4989002048969269,1.0,HNKG_p.DE,2014-03-13,Basic Materials
4071.0,0.4986085593700409,1.0,HNKG_p.DE,2014-03-14,Basic Materials
4072.0,0.4980997145175934,0.0,HNKG_p.DE,2014-03-17,Basic Materials
4073.0,0.4974229335784912,0.0,HNKG_p.DE,2014-03-18,Basic Materials
4074.0,0.4975101351737976,1.0,HNKG_p.DE,2014-03-19,Basic Materials
4075.0,0.4992625117301941,0.0,HNKG_p.DE,2014-03-20,Basic Materials
4076.0,0.49893537163734436,0.0,HNKG_p.DE,2014-03-21,Basic Materials
4077.0,0.4988730549812317,1.0,HNKG_p.DE,2014-03-24,Basic Materials
4078.0,0.4996075928211212,0.0,HNKG_p.DE,2014-03-25,Basic Materials
4079.0,0.5009102821350098,0.0,HNKG_p.DE,2014-03-26,Basic Materials
4080.0,0.5017364621162415,0.0,HNKG_p.DE,2014-03-27,Basic Materials
4081.0,0.5023544430732727,1.0,HNKG_p.DE,2014-03-28,Basic Materials
4082.0,0.5017427802085876,0.0,HNKG_p.DE,2014-03-31,Basic Materials
4083.0,0.5007208585739136,0.0,HNKG_p.DE,2014-04-01,Basic Materials
4084.0,0.5000535845756531,0.0,HNKG_p.DE,2014-04-02,Basic Materials
4085.0,0.5009050965309143,1.0,HNKG_p.DE,2014-04-03,Basic Materials
4086.0,0.501771092414856,1.0,HNKG_p.DE,2014-04-04,Basic Materials
4087.0,0.5016587376594543,1.0,HNKG_p.DE,2014-04-07,Basic Materials
4088.0,0.5037862658500671,1.0,HNKG_p.DE,2014-04-08,Basic Materials
4089.0,0.5036754608154297,0.0,HNKG_p.DE,2014-04-09,Basic Materials
4090.0,0.5016661882400513,1.0,HNKG_p.DE,2014-04-10,Basic Materials
4091.0,0.5017614960670471,1.0,HNKG_p.DE,2014-04-11,Basic Materials
4092.0,0.502574622631073,1.0,HNKG_p.DE,2014-04-14,Basic Materials
4093.0,0.501552164554596,1.0,HNKG_p.DE,2014-04-15,Basic Materials
4094.0,0.5011387467384338,0.0,HNKG_p.DE,2014-04-16,Basic Materials
4095.0,0.5009386539459229,1.0,HNKG_p.DE,2014-04-17,Basic Materials
4096.0,0.5006983876228333,0.0,HNKG_p.DE,2014-04-22,Basic Materials
4097.0,0.4998232424259186,1.0,HNKG_p.DE,2014-04-23,Basic Materials
4098.0,0.5009896159172058,1.0,HNKG_p.DE,2014-04-24,Basic Materials
4099.0,0.5007752776145935,1.0,HNKG_p.DE,2014-04-25,Basic Materials
4100.0,0.5007649064064026,1.0,HNKG_p.DE,2014-04-28,Basic Materials
4101.0,0.5013877153396606,0.0,HNKG_p.DE,2014-04-29,Basic Materials
4102.0,0.5021551847457886,1.0,HNKG_p.DE,2014-04-30,Basic Materials
4103.0,0.5028474926948547,0.0,HNKG_p.DE,2014-05-02,Basic Materials
4104.0,0.5039215087890625,1.0,HNKG_p.DE,2014-05-05,Basic Materials
4105.0,0.5036144852638245,1.0,HNKG_p.DE,2014-05-06,Basic Materials
4106.0,0.5031777620315552,1.0,HNKG_p.DE,2014-05-07,Basic Materials
4107.0,0.5021283626556396,1.0,HNKG_p.DE,2014-05-08,Basic Materials
4108.0,0.5017891526222229,1.0,HNKG_p.DE,2014-05-09,Basic Materials
4109.0,0.5018543601036072,0.0,HNKG_p.DE,2014-05-12,Basic Materials
4110.0,0.5025998950004578,0.0,HNKG_p.DE,2014-05-13,Basic Materials
4111.0,0.5034533143043518,0.0,HNKG_p.DE,2014-05-14,Basic Materials
4112.0,0.5020158290863037,1.0,HNKG_p.DE,2014-05-15,Basic Materials
4113.0,0.5010865330696106,1.0,HNKG_p.DE,2014-05-16,Basic Materials
4114.0,0.5004789233207703,1.0,HNKG_p.DE,2014-05-19,Basic Materials
4115.0,0.5046791434288025,0.0,HNKG_p.DE,2014-05-20,Basic Materials
4116.0,0.5062484741210938,0.0,HNKG_p.DE,2014-05-21,Basic Materials
4117.0,0.5064263939857483,0.0,HNKG_p.DE,2014-05-22,Basic Materials
4118.0,0.5049235224723816,0.0,HNKG_p.DE,2014-05-23,Basic Materials
4119.0,0.503748893737793,0.0,HNKG_p.DE,2014-05-26,Basic Materials
4120.0,0.5026323199272156,1.0,HNKG_p.DE,2014-05-27,Basic Materials
4121.0,0.5016605854034424,0.0,HNKG_p.DE,2014-05-28,Basic Materials
4122.0,0.5018858909606934,1.0,HNKG_p.DE,2014-05-29,Basic Materials
4123.0,0.5021418333053589,0.0,HNKG_p.DE,2014-05-30,Basic Materials
4124.0,0.5010560750961304,1.0,HNKG_p.DE,2014-06-02,Basic Materials
4125.0,0.5002968907356262,1.0,HNKG_p.DE,2014-06-03,Basic Materials
4126.0,0.4998442828655243,0.0,HNKG_p.DE,2014-06-04,Basic Materials
4127.0,0.4992809295654297,0.0,HNKG_p.DE,2014-06-05,Basic Materials
4128.0,0.49943459033966064,0.0,HNKG_p.DE,2014-06-06,Basic Materials
4129.0,0.5002933740615845,1.0,HNKG_p.DE,2014-06-09,Basic Materials
4130.0,0.500273585319519,1.0,HNKG_p.DE,2014-06-10,Basic Materials
4131.0,0.5009775757789612,0.0,HNKG_p.DE,2014-06-11,Basic Materials
4132.0,0.5005708932876587,1.0,HNKG_p.DE,2014-06-12,Basic Materials
4133.0,0.5009531378746033,0.0,HNKG_p.DE,2014-06-13,Basic Materials
4134.0,0.5007983446121216,0.0,HNKG_p.DE,2014-06-16,Basic Materials
4135.0,0.5006146430969238,0.0,HNKG_p.DE,2014-06-17,Basic Materials
4136.0,0.5005043745040894,1.0,HNKG_p.DE,2014-06-18,Basic Materials
4137.0,0.5000149607658386,0.0,HNKG_p.DE,2014-06-19,Basic Materials
4138.0,0.5000027418136597,1.0,HNKG_p.DE,2014-06-20,Basic Materials
4139.0,0.500660240650177,1.0,HNKG_p.DE,2014-06-23,Basic Materials
4140.0,0.5003987550735474,0.0,HNKG_p.DE,2014-06-24,Basic Materials
4141.0,0.5004857182502747,0.0,HNKG_p.DE,2014-06-25,Basic Materials
4142.0,0.49985969066619873,1.0,HNKG_p.DE,2014-06-26,Basic Materials
4143.0,0.4990958571434021,1.0,HNKG_p.DE,2014-06-27,Basic Materials
4144.0,0.49897289276123047,1.0,HNKG_p.DE,2014-06-30,Basic Materials
4145.0,0.49919694662094116,1.0,HNKG_p.DE,2014-07-01,Basic Materials
4146.0,0.4993126690387726,1.0,HNKG_p.DE,2014-07-02,Basic Materials
4147.0,0.5005666017532349,0.0,HNKG_p.DE,2014-07-03,Basic Materials
4148.0,0.5012013912200928,1.0,HNKG_p.DE,2014-07-04,Basic Materials
4149.0,0.5008849501609802,1.0,HNKG_p.DE,2014-07-07,Basic Materials
4150.0,0.4999280273914337,1.0,HNKG_p.DE,2014-07-08,Basic Materials
4151.0,0.4992515444755554,1.0,HNKG_p.DE,2014-07-09,Basic Materials
4152.0,0.49961844086647034,1.0,HNKG_p.DE,2014-07-10,Basic Materials
4153.0,0.5002068281173706,0.0,HNKG_p.DE,2014-07-11,Basic Materials
4154.0,0.5010291934013367,0.0,HNKG_p.DE,2014-07-14,Basic Materials
4155.0,0.5019987225532532,0.0,HNKG_p.DE,2014-07-15,Basic Materials
4156.0,0.5023382902145386,1.0,HNKG_p.DE,2014-07-16,Basic Materials
4157.0,0.5019876956939697,1.0,HNKG_p.DE,2014-07-17,Basic Materials
4158.0,0.5016119480133057,1.0,HNKG_p.DE,2014-07-18,Basic Materials
4159.0,0.5013734102249146,1.0,HNKG_p.DE,2014-07-21,Basic Materials
4160.0,0.5011137127876282,0.0,HNKG_p.DE,2014-07-22,Basic Materials
4161.0,0.5001023411750793,1.0,HNKG_p.DE,2014-07-23,Basic Materials
4162.0,0.4995552897453308,0.0,HNKG_p.DE,2014-07-24,Basic Materials
4163.0,0.5000750422477722,0.0,HNKG_p.DE,2014-07-25,Basic Materials
4164.0,0.4993934631347656,1.0,HNKG_p.DE,2014-07-28,Basic Materials
4165.0,0.5000957250595093,1.0,HNKG_p.DE,2014-07-29,Basic Materials
4166.0,0.500074028968811,1.0,HNKG_p.DE,2014-07-30,Basic Materials
4167.0,0.5000747442245483,1.0,HNKG_p.DE,2014-07-31,Basic Materials
4168.0,0.49964678287506104,1.0,HNKG_p.DE,2014-08-01,Basic Materials
4169.0,0.4995565414428711,1.0,HNKG_p.DE,2014-08-04,Basic Materials
4170.0,0.4999333322048187,1.0,HNKG_p.DE,2014-08-05,Basic Materials
4171.0,0.5004872679710388,0.0,HNKG_p.DE,2014-08-06,Basic Materials
4172.0,0.4992888569831848,1.0,HNKG_p.DE,2014-08-07,Basic Materials
4173.0,0.49917706847190857,0.0,HNKG_p.DE,2014-08-08,Basic Materials
4174.0,0.5002562403678894,0.0,HNKG_p.DE,2014-08-11,Basic Materials
4175.0,0.5005521178245544,0.0,HNKG_p.DE,2014-08-12,Basic Materials
4176.0,0.49965986609458923,0.0,HNKG_p.DE,2014-08-13,Basic Materials
4177.0,0.49859264492988586,1.0,HNKG_p.DE,2014-08-14,Basic Materials
4178.0,0.4982312321662903,1.0,HNKG_p.DE,2014-08-15,Basic Materials
4179.0,0.49882426857948303,0.0,HNKG_p.DE,2014-08-18,Basic Materials
4180.0,0.49881601333618164,1.0,HNKG_p.DE,2014-08-19,Basic Materials
4181.0,0.49960052967071533,0.0,HNKG_p.DE,2014-08-20,Basic Materials
4182.0,0.4993719756603241,0.0,HNKG_p.DE,2014-08-21,Basic Materials
4183.0,0.5007762908935547,0.0,HNKG_p.DE,2014-08-22,Basic Materials
4184.0,0.49955934286117554,0.0,HNKG_p.DE,2014-08-25,Basic Materials
4185.0,0.4995315670967102,0.0,HNKG_p.DE,2014-08-26,Basic Materials
4186.0,0.5002896189689636,1.0,HNKG_p.DE,2014-08-27,Basic Materials
4187.0,0.5006346702575684,1.0,HNKG_p.DE,2014-08-28,Basic Materials
4188.0,0.5017357468605042,0.0,HNKG_p.DE,2014-08-29,Basic Materials
4189.0,0.5028389096260071,0.0,HNKG_p.DE,2014-09-01,Basic Materials
4190.0,0.5022298693656921,1.0,HNKG_p.DE,2014-09-02,Basic Materials
4191.0,0.5023908615112305,1.0,HNKG_p.DE,2014-09-03,Basic Materials
4192.0,0.5019862651824951,0.0,HNKG_p.DE,2014-09-04,Basic Materials
4193.0,0.5026887059211731,1.0,HNKG_p.DE,2014-09-05,Basic Materials
4194.0,0.5029104948043823,1.0,HNKG_p.DE,2014-09-08,Basic Materials
4195.0,0.5029071569442749,1.0,HNKG_p.DE,2014-09-09,Basic Materials
4196.0,0.5021112561225891,0.0,HNKG_p.DE,2014-09-10,Basic Materials
4197.0,0.5011389851570129,1.0,HNKG_p.DE,2014-09-11,Basic Materials
4198.0,0.5007588863372803,1.0,HNKG_p.DE,2014-09-12,Basic Materials
4199.0,0.5011051893234253,0.0,HNKG_p.DE,2014-09-15,Basic Materials
4200.0,0.502353310585022,1.0,HNKG_p.DE,2014-09-16,Basic Materials
4201.0,0.5027859807014465,1.0,HNKG_p.DE,2014-09-17,Basic Materials
4202.0,0.5029648542404175,0.0,HNKG_p.DE,2014-09-18,Basic Materials
4203.0,0.5033482909202576,0.0,HNKG_p.DE,2014-09-19,Basic Materials
4204.0,0.502910315990448,0.0,HNKG_p.DE,2014-09-22,Basic Materials
4205.0,0.5020719170570374,1.0,HNKG_p.DE,2014-09-23,Basic Materials
4206.0,0.501549482345581,0.0,HNKG_p.DE,2014-09-24,Basic Materials
4207.0,0.5010406970977783,0.0,HNKG_p.DE,2014-09-25,Basic Materials
4208.0,0.5006850957870483,1.0,HNKG_p.DE,2014-09-26,Basic Materials
4209.0,0.5003937482833862,1.0,HNKG_p.DE,2014-09-29,Basic Materials
4210.0,0.5003551840782166,0.0,HNKG_p.DE,2014-09-30,Basic Materials
4211.0,0.5002561211585999,1.0,HNKG_p.DE,2014-10-01,Basic Materials
4212.0,0.4996905028820038,1.0,HNKG_p.DE,2014-10-02,Basic Materials
4213.0,0.4988906681537628,0.0,HNKG_p.DE,2014-10-06,Basic Materials
4214.0,0.49814051389694214,1.0,HNKG_p.DE,2014-10-07,Basic Materials
4215.0,0.4979909360408783,1.0,HNKG_p.DE,2014-10-08,Basic Materials
4216.0,0.49720489978790283,1.0,HNKG_p.DE,2014-10-09,Basic Materials
4217.0,0.49733561277389526,1.0,HNKG_p.DE,2014-10-10,Basic Materials
4218.0,0.4976162612438202,0.0,HNKG_p.DE,2014-10-13,Basic Materials
4219.0,0.49824604392051697,0.0,HNKG_p.DE,2014-10-14,Basic Materials
4220.0,0.4983311593532562,1.0,HNKG_p.DE,2014-10-15,Basic Materials
4221.0,0.49816736578941345,0.0,HNKG_p.DE,2014-10-16,Basic Materials
4222.0,0.49851691722869873,1.0,HNKG_p.DE,2014-10-17,Basic Materials
4223.0,0.4986603260040283,1.0,HNKG_p.DE,2014-10-20,Basic Materials
4224.0,0.49957582354545593,0.0,HNKG_p.DE,2014-10-21,Basic Materials
4225.0,0.5000407099723816,0.0,HNKG_p.DE,2014-10-22,Basic Materials
4226.0,0.4994411766529083,0.0,HNKG_p.DE,2014-10-23,Basic Materials
4227.0,0.49899977445602417,0.0,HNKG_p.DE,2014-10-24,Basic Materials
4228.0,0.49809494614601135,1.0,HNKG_p.DE,2014-10-27,Basic Materials
4229.0,0.49732503294944763,1.0,HNKG_p.DE,2014-10-28,Basic Materials
4230.0,0.4965776801109314,1.0,HNKG_p.DE,2014-10-29,Basic Materials
4231.0,0.49892765283584595,0.0,HNKG_p.DE,2014-10-30,Basic Materials
4232.0,0.500203013420105,0.0,HNKG_p.DE,2014-10-31,Basic Materials
4233.0,0.5016485452651978,1.0,HNKG_p.DE,2014-11-03,Basic Materials
4234.0,0.502346932888031,1.0,HNKG_p.DE,2014-11-04,Basic Materials
4235.0,0.5024199485778809,1.0,HNKG_p.DE,2014-11-05,Basic Materials
4236.0,0.5015918016433716,1.0,HNKG_p.DE,2014-11-06,Basic Materials
4237.0,0.501442015171051,1.0,HNKG_p.DE,2014-11-07,Basic Materials
4238.0,0.5032015442848206,0.0,HNKG_p.DE,2014-11-10,Basic Materials
4239.0,0.503739058971405,1.0,HNKG_p.DE,2014-11-11,Basic Materials
4240.0,0.5034496188163757,1.0,HNKG_p.DE,2014-11-12,Basic Materials
4241.0,0.5041500926017761,1.0,HNKG_p.DE,2014-11-13,Basic Materials
4242.0,0.5034879446029663,0.0,HNKG_p.DE,2014-11-14,Basic Materials
4243.0,0.5025817155838013,0.0,HNKG_p.DE,2014-11-17,Basic Materials
4244.0,0.5035155415534973,0.0,HNKG_p.DE,2014-11-18,Basic Materials
4245.0,0.503777027130127,1.0,HNKG_p.DE,2014-11-19,Basic Materials
4246.0,0.5031869411468506,1.0,HNKG_p.DE,2014-11-20,Basic Materials
4247.0,0.5019128322601318,0.0,HNKG_p.DE,2014-11-21,Basic Materials
4248.0,0.5049875974655151,1.0,HNKG_p.DE,2014-11-24,Basic Materials
4249.0,0.504574179649353,1.0,HNKG_p.DE,2014-11-25,Basic Materials
4250.0,0.5023279786109924,1.0,IFXGn.DE,2013-11-28,Technology
4251.0,0.5027888417243958,1.0,IFXGn.DE,2013-11-29,Technology
4252.0,0.5040265321731567,1.0,IFXGn.DE,2013-12-02,Technology
4253.0,0.5045108795166016,1.0,IFXGn.DE,2013-12-03,Technology
4254.0,0.5040019750595093,1.0,IFXGn.DE,2013-12-04,Technology
4255.0,0.5032249689102173,0.0,IFXGn.DE,2013-12-05,Technology
4256.0,0.5034812688827515,1.0,IFXGn.DE,2013-12-06,Technology
4257.0,0.5017985105514526,1.0,IFXGn.DE,2013-12-09,Technology
4258.0,0.5012564659118652,0.0,IFXGn.DE,2013-12-10,Technology
4259.0,0.5004307627677917,1.0,IFXGn.DE,2013-12-11,Technology
4260.0,0.5013439655303955,0.0,IFXGn.DE,2013-12-12,Technology
4261.0,0.501846432685852,1.0,IFXGn.DE,2013-12-13,Technology
4262.0,0.5009390711784363,0.0,IFXGn.DE,2013-12-16,Technology
4263.0,0.5005856156349182,1.0,IFXGn.DE,2013-12-17,Technology
4264.0,0.49924400448799133,1.0,IFXGn.DE,2013-12-18,Technology
4265.0,0.4988529682159424,1.0,IFXGn.DE,2013-12-19,Technology
4266.0,0.4988217055797577,0.0,IFXGn.DE,2013-12-20,Technology
4267.0,0.4998566210269928,1.0,IFXGn.DE,2013-12-23,Technology
4268.0,0.5011470317840576,0.0,IFXGn.DE,2013-12-27,Technology
4269.0,0.5029233694076538,1.0,IFXGn.DE,2013-12-30,Technology
4270.0,0.5033904910087585,1.0,IFXGn.DE,2014-01-02,Technology
4271.0,0.5039942264556885,1.0,IFXGn.DE,2014-01-03,Technology
4272.0,0.504499077796936,0.0,IFXGn.DE,2014-01-06,Technology
4273.0,0.5048637986183167,0.0,IFXGn.DE,2014-01-07,Technology
4274.0,0.5050904154777527,0.0,IFXGn.DE,2014-01-08,Technology
4275.0,0.504974365234375,0.0,IFXGn.DE,2014-01-09,Technology
4276.0,0.5039146542549133,0.0,IFXGn.DE,2014-01-10,Technology
4277.0,0.5027386546134949,1.0,IFXGn.DE,2014-01-13,Technology
4278.0,0.5016940832138062,0.0,IFXGn.DE,2014-01-14,Technology
4279.0,0.5001844167709351,0.0,IFXGn.DE,2014-01-15,Technology
4280.0,0.5000544190406799,0.0,IFXGn.DE,2014-01-16,Technology
4281.0,0.49948590993881226,1.0,IFXGn.DE,2014-01-17,Technology
4282.0,0.4989846646785736,1.0,IFXGn.DE,2014-01-20,Technology
4283.0,0.49889126420021057,0.0,IFXGn.DE,2014-01-21,Technology
4284.0,0.49793198704719543,0.0,IFXGn.DE,2014-01-22,Technology
4285.0,0.49803823232650757,0.0,IFXGn.DE,2014-01-23,Technology
4286.0,0.49959057569503784,0.0,IFXGn.DE,2014-01-24,Technology
4287.0,0.499433308839798,0.0,IFXGn.DE,2014-01-27,Technology
4288.0,0.5001869201660156,1.0,IFXGn.DE,2014-01-28,Technology
4289.0,0.5004753470420837,1.0,IFXGn.DE,2014-01-29,Technology
4290.0,0.5010713934898376,1.0,IFXGn.DE,2014-01-30,Technology
4291.0,0.50124591588974,1.0,IFXGn.DE,2014-01-31,Technology
4292.0,0.5012959241867065,0.0,IFXGn.DE,2014-02-03,Technology
4293.0,0.5010185241699219,1.0,IFXGn.DE,2014-02-04,Technology
4294.0,0.49996712803840637,1.0,IFXGn.DE,2014-02-05,Technology
4295.0,0.4982813596725464,0.0,IFXGn.DE,2014-02-06,Technology
4296.0,0.49720627069473267,0.0,IFXGn.DE,2014-02-07,Technology
4297.0,0.49794432520866394,1.0,IFXGn.DE,2014-02-10,Technology
4298.0,0.4987185001373291,1.0,IFXGn.DE,2014-02-11,Technology
4299.0,0.5026454329490662,0.0,IFXGn.DE,2014-02-12,Technology
4300.0,0.5033977627754211,0.0,IFXGn.DE,2014-02-13,Technology
4301.0,0.502152144908905,1.0,IFXGn.DE,2014-02-14,Technology
4302.0,0.501063883304596,1.0,IFXGn.DE,2014-02-17,Technology
4303.0,0.5007760524749756,1.0,IFXGn.DE,2014-02-18,Technology
4304.0,0.501250147819519,0.0,IFXGn.DE,2014-02-19,Technology
4305.0,0.5014492273330688,0.0,IFXGn.DE,2014-02-20,Technology
4306.0,0.5018942356109619,1.0,IFXGn.DE,2014-02-21,Technology
4307.0,0.5038124918937683,0.0,IFXGn.DE,2014-02-24,Technology
4308.0,0.504004180431366,1.0,IFXGn.DE,2014-02-25,Technology
4309.0,0.5037161111831665,1.0,IFXGn.DE,2014-02-26,Technology
4310.0,0.5052788257598877,1.0,IFXGn.DE,2014-02-27,Technology
4311.0,0.505082905292511,1.0,IFXGn.DE,2014-02-28,Technology
4312.0,0.5042605996131897,1.0,IFXGn.DE,2014-03-03,Technology
4313.0,0.5030301213264465,0.0,IFXGn.DE,2014-03-04,Technology
4314.0,0.5013778805732727,1.0,IFXGn.DE,2014-03-05,Technology
4315.0,0.5024994611740112,1.0,IFXGn.DE,2014-03-06,Technology
4316.0,0.502983808517456,0.0,IFXGn.DE,2014-03-07,Technology
4317.0,0.5032601356506348,0.0,IFXGn.DE,2014-03-10,Technology
4318.0,0.5039525628089905,0.0,IFXGn.DE,2014-03-11,Technology
4319.0,0.501689612865448,0.0,IFXGn.DE,2014-03-12,Technology
4320.0,0.502008318901062,0.0,IFXGn.DE,2014-03-13,Technology
4321.0,0.5038357377052307,0.0,IFXGn.DE,2014-03-14,Technology
4322.0,0.5057783722877502,1.0,IFXGn.DE,2014-03-17,Technology
4323.0,0.5042305588722229,1.0,IFXGn.DE,2014-03-18,Technology
4324.0,0.5025800466537476,1.0,IFXGn.DE,2014-03-19,Technology
4325.0,0.5016211271286011,1.0,IFXGn.DE,2014-03-20,Technology
4326.0,0.49997201561927795,0.0,IFXGn.DE,2014-03-21,Technology
4327.0,0.49847427010536194,0.0,IFXGn.DE,2014-03-24,Technology
4328.0,0.4974782168865204,1.0,IFXGn.DE,2014-03-25,Technology
4329.0,0.49969610571861267,1.0,IFXGn.DE,2014-03-26,Technology
4330.0,0.5014637112617493,1.0,IFXGn.DE,2014-03-27,Technology
4331.0,0.5025684237480164,0.0,IFXGn.DE,2014-03-28,Technology
4332.0,0.5043061375617981,1.0,IFXGn.DE,2014-03-31,Technology
4333.0,0.5041061043739319,1.0,IFXGn.DE,2014-04-01,Technology
4334.0,0.5021520256996155,1.0,IFXGn.DE,2014-04-02,Technology
4335.0,0.5027989745140076,0.0,IFXGn.DE,2014-04-03,Technology
4336.0,0.5037399530410767,0.0,IFXGn.DE,2014-04-04,Technology
4337.0,0.5036078095436096,1.0,IFXGn.DE,2014-04-07,Technology
4338.0,0.5033944845199585,0.0,IFXGn.DE,2014-04-08,Technology
4339.0,0.5036342740058899,1.0,IFXGn.DE,2014-04-09,Technology
4340.0,0.5050209760665894,0.0,IFXGn.DE,2014-04-10,Technology
4341.0,0.50384521484375,0.0,IFXGn.DE,2014-04-11,Technology
4342.0,0.5021841526031494,0.0,IFXGn.DE,2014-04-14,Technology
4343.0,0.5002816915512085,0.0,IFXGn.DE,2014-04-15,Technology
4344.0,0.4986070692539215,1.0,IFXGn.DE,2014-04-16,Technology
4345.0,0.4983150064945221,1.0,IFXGn.DE,2014-04-17,Technology
4346.0,0.4980575144290924,0.0,IFXGn.DE,2014-04-22,Technology
4347.0,0.4971630573272705,0.0,IFXGn.DE,2014-04-23,Technology
4348.0,0.4970736801624298,1.0,IFXGn.DE,2014-04-24,Technology
4349.0,0.496586412191391,0.0,IFXGn.DE,2014-04-25,Technology
4350.0,0.4980332851409912,0.0,IFXGn.DE,2014-04-28,Technology
4351.0,0.5019474029541016,1.0,IFXGn.DE,2014-04-29,Technology
4352.0,0.5064055323600769,0.0,IFXGn.DE,2014-04-30,Technology
4353.0,0.5103368759155273,0.0,IFXGn.DE,2014-05-02,Technology
4354.0,0.509935200214386,0.0,IFXGn.DE,2014-05-05,Technology
4355.0,0.5075713396072388,1.0,IFXGn.DE,2014-05-06,Technology
4356.0,0.5070699453353882,0.0,IFXGn.DE,2014-05-07,Technology
4357.0,0.5041843056678772,1.0,IFXGn.DE,2014-05-08,Technology
4358.0,0.5020212531089783,0.0,IFXGn.DE,2014-05-09,Technology
4359.0,0.5046741962432861,1.0,IFXGn.DE,2014-05-12,Technology
4360.0,0.5040090680122375,0.0,IFXGn.DE,2014-05-13,Technology
4361.0,0.5025021433830261,0.0,IFXGn.DE,2014-05-14,Technology
4362.0,0.5011137127876282,0.0,IFXGn.DE,2014-05-15,Technology
4363.0,0.4999523460865021,0.0,IFXGn.DE,2014-05-16,Technology
4364.0,0.5016606450080872,1.0,IFXGn.DE,2014-05-19,Technology
4365.0,0.5025500059127808,0.0,IFXGn.DE,2014-05-20,Technology
4366.0,0.5048381090164185,1.0,IFXGn.DE,2014-05-21,Technology
4367.0,0.5044607520103455,1.0,IFXGn.DE,2014-05-22,Technology
4368.0,0.50612872838974,0.0,IFXGn.DE,2014-05-23,Technology
4369.0,0.5056295990943909,1.0,IFXGn.DE,2014-05-26,Technology
4370.0,0.504772424697876,1.0,IFXGn.DE,2014-05-27,Technology
4371.0,0.5027464628219604,1.0,IFXGn.DE,2014-05-28,Technology
4372.0,0.5011585354804993,0.0,IFXGn.DE,2014-05-29,Technology
4373.0,0.5015979409217834,1.0,IFXGn.DE,2014-05-30,Technology
4374.0,0.5014909505844116,0.0,IFXGn.DE,2014-06-02,Technology
4375.0,0.5017484426498413,0.0,IFXGn.DE,2014-06-03,Technology
4376.0,0.5021489262580872,1.0,IFXGn.DE,2014-06-04,Technology
4377.0,0.5019540786743164,1.0,IFXGn.DE,2014-06-05,Technology
4378.0,0.502934992313385,1.0,IFXGn.DE,2014-06-06,Technology
4379.0,0.5054979920387268,0.0,IFXGn.DE,2014-06-09,Technology
4380.0,0.5056955814361572,0.0,IFXGn.DE,2014-06-10,Technology
4381.0,0.5045598149299622,1.0,IFXGn.DE,2014-06-11,Technology
4382.0,0.5040333867073059,1.0,IFXGn.DE,2014-06-12,Technology
4383.0,0.5025752186775208,1.0,IFXGn.DE,2014-06-13,Technology
4384.0,0.5012491941452026,1.0,IFXGn.DE,2014-06-16,Technology
4385.0,0.501519501209259,1.0,IFXGn.DE,2014-06-17,Technology
4386.0,0.5017415881156921,1.0,IFXGn.DE,2014-06-18,Technology
4387.0,0.5019715428352356,0.0,IFXGn.DE,2014-06-19,Technology
4388.0,0.5015271306037903,1.0,IFXGn.DE,2014-06-20,Technology
4389.0,0.5010813474655151,1.0,IFXGn.DE,2014-06-23,Technology
4390.0,0.5004663467407227,0.0,IFXGn.DE,2014-06-24,Technology
4391.0,0.5005776882171631,0.0,IFXGn.DE,2014-06-25,Technology
4392.0,0.5002414584159851,1.0,IFXGn.DE,2014-06-26,Technology
4393.0,0.5004262328147888,0.0,IFXGn.DE,2014-06-27,Technology
4394.0,0.5011909604072571,1.0,IFXGn.DE,2014-06-30,Technology
4395.0,0.5021857023239136,1.0,IFXGn.DE,2014-07-01,Technology
4396.0,0.5017257928848267,1.0,IFXGn.DE,2014-07-02,Technology
4397.0,0.5018851161003113,0.0,IFXGn.DE,2014-07-03,Technology
4398.0,0.5012582540512085,0.0,IFXGn.DE,2014-07-04,Technology
4399.0,0.5001500248908997,0.0,IFXGn.DE,2014-07-07,Technology
4400.0,0.4986662268638611,0.0,IFXGn.DE,2014-07-08,Technology
4401.0,0.4980871081352234,1.0,IFXGn.DE,2014-07-09,Technology
4402.0,0.49822354316711426,0.0,IFXGn.DE,2014-07-10,Technology
4403.0,0.499214231967926,1.0,IFXGn.DE,2014-07-11,Technology
4404.0,0.5008489489555359,0.0,IFXGn.DE,2014-07-14,Technology
4405.0,0.5018439292907715,0.0,IFXGn.DE,2014-07-15,Technology
4406.0,0.5026929378509521,1.0,IFXGn.DE,2014-07-16,Technology
4407.0,0.5018154382705688,1.0,IFXGn.DE,2014-07-17,Technology
4408.0,0.5005517601966858,1.0,IFXGn.DE,2014-07-18,Technology
4409.0,0.49877819418907166,1.0,IFXGn.DE,2014-07-21,Technology
4410.0,0.4986145794391632,1.0,IFXGn.DE,2014-07-22,Technology
4411.0,0.49793487787246704,0.0,IFXGn.DE,2014-07-23,Technology
4412.0,0.49859172105789185,0.0,IFXGn.DE,2014-07-24,Technology
4413.0,0.4989544153213501,0.0,IFXGn.DE,2014-07-25,Technology
4414.0,0.4986182153224945,0.0,IFXGn.DE,2014-07-28,Technology
4415.0,0.5017966032028198,1.0,IFXGn.DE,2014-07-29,Technology
4416.0,0.5023484826087952,0.0,IFXGn.DE,2014-07-30,Technology
4417.0,0.5029144287109375,0.0,IFXGn.DE,2014-07-31,Technology
4418.0,0.5026475787162781,1.0,IFXGn.DE,2014-08-01,Technology
4419.0,0.5041860342025757,0.0,IFXGn.DE,2014-08-04,Technology
4420.0,0.5040811896324158,0.0,IFXGn.DE,2014-08-05,Technology
4421.0,0.5029926896095276,1.0,IFXGn.DE,2014-08-06,Technology
4422.0,0.5006771087646484,1.0,IFXGn.DE,2014-08-07,Technology
4423.0,0.4995550811290741,1.0,IFXGn.DE,2014-08-08,Technology
4424.0,0.4997894763946533,0.0,IFXGn.DE,2014-08-11,Technology
4425.0,0.49883538484573364,1.0,IFXGn.DE,2014-08-12,Technology
4426.0,0.4976625442504883,0.0,IFXGn.DE,2014-08-13,Technology
4427.0,0.4976973831653595,1.0,IFXGn.DE,2014-08-14,Technology
4428.0,0.4977056086063385,1.0,IFXGn.DE,2014-08-15,Technology
4429.0,0.49786484241485596,1.0,IFXGn.DE,2014-08-18,Technology
4430.0,0.4981191158294678,1.0,IFXGn.DE,2014-08-19,Technology
4431.0,0.4994484782218933,0.0,IFXGn.DE,2014-08-20,Technology
4432.0,0.5003647208213806,0.0,IFXGn.DE,2014-08-21,Technology
4433.0,0.5022642016410828,1.0,IFXGn.DE,2014-08-22,Technology
4434.0,0.5020215511322021,0.0,IFXGn.DE,2014-08-25,Technology
4435.0,0.5026404857635498,0.0,IFXGn.DE,2014-08-26,Technology
4436.0,0.503902792930603,1.0,IFXGn.DE,2014-08-27,Technology
4437.0,0.503741979598999,1.0,IFXGn.DE,2014-08-28,Technology
4438.0,0.5048167109489441,1.0,IFXGn.DE,2014-08-29,Technology
4439.0,0.5057631731033325,1.0,IFXGn.DE,2014-09-01,Technology
4440.0,0.5042982697486877,1.0,IFXGn.DE,2014-09-02,Technology
4441.0,0.5031505823135376,0.0,IFXGn.DE,2014-09-03,Technology
4442.0,0.5037497878074646,0.0,IFXGn.DE,2014-09-04,Technology
4443.0,0.5042862296104431,1.0,IFXGn.DE,2014-09-05,Technology
4444.0,0.5039842128753662,1.0,IFXGn.DE,2014-09-08,Technology
4445.0,0.5038182735443115,1.0,IFXGn.DE,2014-09-09,Technology
4446.0,0.5025821328163147,1.0,IFXGn.DE,2014-09-10,Technology
4447.0,0.5018355250358582,0.0,IFXGn.DE,2014-09-11,Technology
4448.0,0.5018028020858765,1.0,IFXGn.DE,2014-09-12,Technology
4449.0,0.5020372271537781,0.0,IFXGn.DE,2014-09-15,Technology
4450.0,0.5018419623374939,0.0,IFXGn.DE,2014-09-16,Technology
4451.0,0.5014718770980835,1.0,IFXGn.DE,2014-09-17,Technology
4452.0,0.5015050768852234,1.0,IFXGn.DE,2014-09-18,Technology
4453.0,0.501777708530426,1.0,IFXGn.DE,2014-09-19,Technology
4454.0,0.501300573348999,0.0,IFXGn.DE,2014-09-22,Technology
4455.0,0.5007981657981873,1.0,IFXGn.DE,2014-09-23,Technology
4456.0,0.5002464652061462,0.0,IFXGn.DE,2014-09-24,Technology
4457.0,0.49967628717422485,0.0,IFXGn.DE,2014-09-25,Technology
4458.0,0.4985528290271759,1.0,IFXGn.DE,2014-09-26,Technology
4459.0,0.4977116882801056,0.0,IFXGn.DE,2014-09-29,Technology
4460.0,0.4978320002555847,0.0,IFXGn.DE,2014-09-30,Technology
4461.0,0.4991537630558014,0.0,IFXGn.DE,2014-10-01,Technology
4462.0,0.5002782344818115,0.0,IFXGn.DE,2014-10-02,Technology
4463.0,0.49945786595344543,0.0,IFXGn.DE,2014-10-06,Technology
4464.0,0.4984815716743469,1.0,IFXGn.DE,2014-10-07,Technology
4465.0,0.49790722131729126,0.0,IFXGn.DE,2014-10-08,Technology
4466.0,0.49695518612861633,1.0,IFXGn.DE,2014-10-09,Technology
4467.0,0.4978468418121338,0.0,IFXGn.DE,2014-10-10,Technology
4468.0,0.498349666595459,0.0,IFXGn.DE,2014-10-13,Technology
4469.0,0.49764731526374817,1.0,IFXGn.DE,2014-10-14,Technology
4470.0,0.4968455135822296,0.0,IFXGn.DE,2014-10-15,Technology
4471.0,0.4962352216243744,1.0,IFXGn.DE,2014-10-16,Technology
4472.0,0.49631911516189575,0.0,IFXGn.DE,2014-10-17,Technology
4473.0,0.4972575306892395,0.0,IFXGn.DE,2014-10-20,Technology
4474.0,0.49718740582466125,1.0,IFXGn.DE,2014-10-21,Technology
4475.0,0.49779751896858215,1.0,IFXGn.DE,2014-10-22,Technology
4476.0,0.4978497624397278,1.0,IFXGn.DE,2014-10-23,Technology
4477.0,0.4972705543041229,1.0,IFXGn.DE,2014-10-24,Technology
4478.0,0.49835413694381714,0.0,IFXGn.DE,2014-10-27,Technology
4479.0,0.49858465790748596,0.0,IFXGn.DE,2014-10-28,Technology
4480.0,0.4999282658100128,0.0,IFXGn.DE,2014-10-29,Technology
4481.0,0.5025701522827148,0.0,IFXGn.DE,2014-10-30,Technology
4482.0,0.5028830766677856,1.0,IFXGn.DE,2014-10-31,Technology
4483.0,0.5051770806312561,1.0,IFXGn.DE,2014-11-03,Technology
4484.0,0.5068721771240234,0.0,IFXGn.DE,2014-11-04,Technology
4485.0,0.5084753036499023,0.0,IFXGn.DE,2014-11-05,Technology
4486.0,0.5078591704368591,0.0,IFXGn.DE,2014-11-06,Technology
4487.0,0.5050562620162964,0.0,IFXGn.DE,2014-11-07,Technology
4488.0,0.5041919946670532,1.0,IFXGn.DE,2014-11-10,Technology
4489.0,0.5027018189430237,0.0,IFXGn.DE,2014-11-11,Technology
4490.0,0.5021028518676758,1.0,IFXGn.DE,2014-11-12,Technology
4491.0,0.5070781707763672,0.0,IFXGn.DE,2014-11-13,Technology
4492.0,0.5083475708961487,1.0,IFXGn.DE,2014-11-14,Technology
4493.0,0.5066920518875122,1.0,IFXGn.DE,2014-11-17,Technology
4494.0,0.5064769387245178,0.0,IFXGn.DE,2014-11-18,Technology
4495.0,0.5060022473335266,1.0,IFXGn.DE,2014-11-19,Technology
4496.0,0.5038961172103882,1.0,IFXGn.DE,2014-11-20,Technology
4497.0,0.5036419034004211,1.0,IFXGn.DE,2014-11-21,Technology
4498.0,0.5031141042709351,0.0,IFXGn.DE,2014-11-24,Technology
4499.0,0.5023150444030762,0.0,IFXGn.DE,2014-11-25,Technology
4500.0,0.5047652721405029,0.0,LHAG.DE,2013-11-28,Industrials
4501.0,0.5046613812446594,1.0,LHAG.DE,2013-11-29,Industrials
4502.0,0.504669725894928,1.0,LHAG.DE,2013-12-02,Industrials
4503.0,0.5041467547416687,0.0,LHAG.DE,2013-12-03,Industrials
4504.0,0.5046463012695312,1.0,LHAG.DE,2013-12-04,Industrials
4505.0,0.5022027492523193,1.0,LHAG.DE,2013-12-05,Industrials
4506.0,0.5012342929840088,0.0,LHAG.DE,2013-12-06,Industrials
4507.0,0.4988545775413513,0.0,LHAG.DE,2013-12-09,Industrials
4508.0,0.4982759356498718,1.0,LHAG.DE,2013-12-10,Industrials
4509.0,0.49821737408638,1.0,LHAG.DE,2013-12-11,Industrials
4510.0,0.49835675954818726,0.0,LHAG.DE,2013-12-12,Industrials
4511.0,0.4986780285835266,0.0,LHAG.DE,2013-12-13,Industrials
4512.0,0.49884602427482605,1.0,LHAG.DE,2013-12-16,Industrials
4513.0,0.498980849981308,0.0,LHAG.DE,2013-12-17,Industrials
4514.0,0.49866119027137756,0.0,LHAG.DE,2013-12-18,Industrials
4515.0,0.4985155761241913,0.0,LHAG.DE,2013-12-19,Industrials
4516.0,0.5003994703292847,0.0,LHAG.DE,2013-12-20,Industrials
4517.0,0.5002508759498596,0.0,LHAG.DE,2013-12-23,Industrials
4518.0,0.5004088282585144,0.0,LHAG.DE,2013-12-27,Industrials
4519.0,0.5013867616653442,1.0,LHAG.DE,2013-12-30,Industrials
4520.0,0.5014524459838867,1.0,LHAG.DE,2014-01-02,Industrials
4521.0,0.5010956525802612,1.0,LHAG.DE,2014-01-03,Industrials
4522.0,0.500635027885437,0.0,LHAG.DE,2014-01-06,Industrials
4523.0,0.5002034902572632,1.0,LHAG.DE,2014-01-07,Industrials
4524.0,0.4998437464237213,1.0,LHAG.DE,2014-01-08,Industrials
4525.0,0.5003169775009155,1.0,LHAG.DE,2014-01-09,Industrials
4526.0,0.5006964802742004,1.0,LHAG.DE,2014-01-10,Industrials
4527.0,0.5009702444076538,1.0,LHAG.DE,2014-01-13,Industrials
4528.0,0.5011512637138367,1.0,LHAG.DE,2014-01-14,Industrials
4529.0,0.5001291036605835,1.0,LHAG.DE,2014-01-15,Industrials
4530.0,0.5009068846702576,0.0,LHAG.DE,2014-01-16,Industrials
4531.0,0.5004956126213074,0.0,LHAG.DE,2014-01-17,Industrials
4532.0,0.5020604729652405,0.0,LHAG.DE,2014-01-20,Industrials
4533.0,0.5042546391487122,1.0,LHAG.DE,2014-01-21,Industrials
4534.0,0.5042321085929871,1.0,LHAG.DE,2014-01-22,Industrials
4535.0,0.5116584897041321,0.0,LHAG.DE,2014-01-23,Industrials
4536.0,0.5127773284912109,0.0,LHAG.DE,2014-01-24,Industrials
4537.0,0.5120611786842346,1.0,LHAG.DE,2014-01-27,Industrials
4538.0,0.5140504240989685,0.0,LHAG.DE,2014-01-28,Industrials
4539.0,0.5112853646278381,0.0,LHAG.DE,2014-01-29,Industrials
4540.0,0.508047878742218,0.0,LHAG.DE,2014-01-30,Industrials
4541.0,0.5053097009658813,1.0,LHAG.DE,2014-01-31,Industrials
4542.0,0.503634512424469,0.0,LHAG.DE,2014-02-03,Industrials
4543.0,0.5028363466262817,1.0,LHAG.DE,2014-02-04,Industrials
4544.0,0.5012218356132507,1.0,LHAG.DE,2014-02-05,Industrials
4545.0,0.49905481934547424,0.0,LHAG.DE,2014-02-06,Industrials
4546.0,0.4988907277584076,1.0,LHAG.DE,2014-02-07,Industrials
4547.0,0.49944281578063965,1.0,LHAG.DE,2014-02-10,Industrials
4548.0,0.4990646243095398,1.0,LHAG.DE,2014-02-11,Industrials
4549.0,0.49913689494132996,1.0,LHAG.DE,2014-02-12,Industrials
4550.0,0.4997876286506653,0.0,LHAG.DE,2014-02-13,Industrials
4551.0,0.4990213215351105,0.0,LHAG.DE,2014-02-14,Industrials
4552.0,0.4984949231147766,1.0,LHAG.DE,2014-02-17,Industrials
4553.0,0.49897825717926025,1.0,LHAG.DE,2014-02-18,Industrials
4554.0,0.5002442598342896,0.0,LHAG.DE,2014-02-19,Industrials
4555.0,0.5017626285552979,1.0,LHAG.DE,2014-02-20,Industrials
4556.0,0.5022547841072083,0.0,LHAG.DE,2014-02-21,Industrials
4557.0,0.5039198398590088,1.0,LHAG.DE,2014-02-24,Industrials
4558.0,0.5044032335281372,1.0,LHAG.DE,2014-02-25,Industrials
4559.0,0.5038483142852783,1.0,LHAG.DE,2014-02-26,Industrials
4560.0,0.5032211542129517,1.0,LHAG.DE,2014-02-27,Industrials
4561.0,0.5033896565437317,0.0,LHAG.DE,2014-02-28,Industrials
4562.0,0.5039960741996765,0.0,LHAG.DE,2014-03-03,Industrials
4563.0,0.5032219886779785,0.0,LHAG.DE,2014-03-04,Industrials
4564.0,0.5020757913589478,1.0,LHAG.DE,2014-03-05,Industrials
4565.0,0.5013998746871948,0.0,LHAG.DE,2014-03-06,Industrials
4566.0,0.5026298761367798,1.0,LHAG.DE,2014-03-07,Industrials
4567.0,0.503526508808136,1.0,LHAG.DE,2014-03-10,Industrials
4568.0,0.5033652186393738,1.0,LHAG.DE,2014-03-11,Industrials
4569.0,0.49882736802101135,0.0,LHAG.DE,2014-03-12,Industrials
4570.0,0.49907413125038147,1.0,LHAG.DE,2014-03-13,Industrials
4571.0,0.500342071056366,1.0,LHAG.DE,2014-03-14,Industrials
4572.0,0.49986380338668823,0.0,LHAG.DE,2014-03-17,Industrials
4573.0,0.4989579916000366,0.0,LHAG.DE,2014-03-18,Industrials
4574.0,0.49860361218452454,1.0,LHAG.DE,2014-03-19,Industrials
4575.0,0.4999147355556488,0.0,LHAG.DE,2014-03-20,Industrials
4576.0,0.4996703267097473,0.0,LHAG.DE,2014-03-21,Industrials
4577.0,0.5026325583457947,0.0,LHAG.DE,2014-03-24,Industrials
4578.0,0.5046422481536865,0.0,LHAG.DE,2014-03-25,Industrials
4579.0,0.5051859617233276,0.0,LHAG.DE,2014-03-26,Industrials
4580.0,0.5049676299095154,0.0,LHAG.DE,2014-03-27,Industrials
4581.0,0.507064700126648,1.0,LHAG.DE,2014-03-28,Industrials
4582.0,0.506248950958252,0.0,LHAG.DE,2014-03-31,Industrials
4583.0,0.5044137835502625,1.0,LHAG.DE,2014-04-01,Industrials
4584.0,0.5016991496086121,1.0,LHAG.DE,2014-04-02,Industrials
4585.0,0.501036524772644,1.0,LHAG.DE,2014-04-03,Industrials
4586.0,0.500890851020813,1.0,LHAG.DE,2014-04-04,Industrials
4587.0,0.500316858291626,1.0,LHAG.DE,2014-04-07,Industrials
4588.0,0.5013659000396729,0.0,LHAG.DE,2014-04-08,Industrials
4589.0,0.5016070604324341,1.0,LHAG.DE,2014-04-09,Industrials
4590.0,0.5043476223945618,1.0,LHAG.DE,2014-04-10,Industrials
4591.0,0.5042476654052734,0.0,LHAG.DE,2014-04-11,Industrials
4592.0,0.5061211585998535,0.0,LHAG.DE,2014-04-14,Industrials
4593.0,0.5045792460441589,0.0,LHAG.DE,2014-04-15,Industrials
4594.0,0.5021990537643433,1.0,LHAG.DE,2014-04-16,Industrials
4595.0,0.501194179058075,1.0,LHAG.DE,2014-04-17,Industrials
4596.0,0.500694215297699,1.0,LHAG.DE,2014-04-22,Industrials
4597.0,0.49933451414108276,0.0,LHAG.DE,2014-04-23,Industrials
4598.0,0.4978608787059784,1.0,LHAG.DE,2014-04-24,Industrials
4599.0,0.49670732021331787,0.0,LHAG.DE,2014-04-25,Industrials
4600.0,0.4975183606147766,0.0,LHAG.DE,2014-04-28,Industrials
4601.0,0.49959003925323486,1.0,LHAG.DE,2014-04-29,Industrials
4602.0,0.501918613910675,0.0,LHAG.DE,2014-04-30,Industrials
4603.0,0.504011869430542,0.0,LHAG.DE,2014-05-02,Industrials
4604.0,0.5069543719291687,0.0,LHAG.DE,2014-05-05,Industrials
4605.0,0.506410539150238,1.0,LHAG.DE,2014-05-06,Industrials
4606.0,0.5057741403579712,0.0,LHAG.DE,2014-05-07,Industrials
4607.0,0.5027106404304504,0.0,LHAG.DE,2014-05-08,Industrials
4608.0,0.500691831111908,0.0,LHAG.DE,2014-05-09,Industrials
4609.0,0.5009310841560364,1.0,LHAG.DE,2014-05-12,Industrials
4610.0,0.5011070966720581,0.0,LHAG.DE,2014-05-13,Industrials
4611.0,0.5011641383171082,1.0,LHAG.DE,2014-05-14,Industrials
4612.0,0.500659167766571,0.0,LHAG.DE,2014-05-15,Industrials
4613.0,0.4997390806674957,0.0,LHAG.DE,2014-05-16,Industrials
4614.0,0.5016614198684692,1.0,LHAG.DE,2014-05-19,Industrials
4615.0,0.5018820762634277,0.0,LHAG.DE,2014-05-20,Industrials
4616.0,0.502425491809845,0.0,LHAG.DE,2014-05-21,Industrials
4617.0,0.5011873841285706,1.0,LHAG.DE,2014-05-22,Industrials
4618.0,0.5037648677825928,1.0,LHAG.DE,2014-05-23,Industrials
4619.0,0.504015326499939,1.0,LHAG.DE,2014-05-26,Industrials
4620.0,0.5041370391845703,1.0,LHAG.DE,2014-05-27,Industrials
4621.0,0.5023971199989319,1.0,LHAG.DE,2014-05-28,Industrials
4622.0,0.5010160207748413,0.0,LHAG.DE,2014-05-29,Industrials
4623.0,0.5032287240028381,1.0,LHAG.DE,2014-05-30,Industrials
4624.0,0.5036740899085999,1.0,LHAG.DE,2014-06-02,Industrials
4625.0,0.5035128593444824,0.0,LHAG.DE,2014-06-03,Industrials
4626.0,0.5035121440887451,1.0,LHAG.DE,2014-06-04,Industrials
4627.0,0.5044474005699158,1.0,LHAG.DE,2014-06-05,Industrials
4628.0,0.5065913200378418,0.0,LHAG.DE,2014-06-06,Industrials
4629.0,0.507358729839325,1.0,LHAG.DE,2014-06-09,Industrials
4630.0,0.506668210029602,0.0,LHAG.DE,2014-06-10,Industrials
4631.0,0.505408525466919,0.0,LHAG.DE,2014-06-11,Industrials
4632.0,0.5041771531105042,0.0,LHAG.DE,2014-06-12,Industrials
4633.0,0.5040515661239624,0.0,LHAG.DE,2014-06-13,Industrials
4634.0,0.5027907490730286,0.0,LHAG.DE,2014-06-16,Industrials
4635.0,0.5030180811882019,0.0,LHAG.DE,2014-06-17,Industrials
4636.0,0.5028917193412781,1.0,LHAG.DE,2014-06-18,Industrials
4637.0,0.5023701190948486,0.0,LHAG.DE,2014-06-19,Industrials
4638.0,0.5024220943450928,0.0,LHAG.DE,2014-06-20,Industrials
4639.0,0.5019453763961792,0.0,LHAG.DE,2014-06-23,Industrials
4640.0,0.5042112469673157,1.0,LHAG.DE,2014-06-24,Industrials
4641.0,0.501792848110199,0.0,LHAG.DE,2014-06-25,Industrials
4642.0,0.5012234449386597,1.0,LHAG.DE,2014-06-26,Industrials
4643.0,0.5002565979957581,0.0,LHAG.DE,2014-06-27,Industrials
4644.0,0.4998088777065277,0.0,LHAG.DE,2014-06-30,Industrials
4645.0,0.4997968375682831,0.0,LHAG.DE,2014-07-01,Industrials
4646.0,0.5000240206718445,0.0,LHAG.DE,2014-07-02,Industrials
4647.0,0.500256359577179,1.0,LHAG.DE,2014-07-03,Industrials
4648.0,0.5002395510673523,1.0,LHAG.DE,2014-07-04,Industrials
4649.0,0.5020346641540527,1.0,LHAG.DE,2014-07-07,Industrials
4650.0,0.5021547079086304,0.0,LHAG.DE,2014-07-08,Industrials
4651.0,0.5030775666236877,1.0,LHAG.DE,2014-07-09,Industrials
4652.0,0.5026827454566956,0.0,LHAG.DE,2014-07-10,Industrials
4653.0,0.5019741058349609,0.0,LHAG.DE,2014-07-11,Industrials
4654.0,0.5016217827796936,0.0,LHAG.DE,2014-07-14,Industrials
4655.0,0.5003676414489746,1.0,LHAG.DE,2014-07-15,Industrials
4656.0,0.5012876391410828,1.0,LHAG.DE,2014-07-16,Industrials
4657.0,0.5021170377731323,0.0,LHAG.DE,2014-07-17,Industrials
4658.0,0.5023395419120789,0.0,LHAG.DE,2014-07-18,Industrials
4659.0,0.5006370544433594,0.0,LHAG.DE,2014-07-21,Industrials
4660.0,0.5008871555328369,1.0,LHAG.DE,2014-07-22,Industrials
4661.0,0.4997541606426239,1.0,LHAG.DE,2014-07-23,Industrials
4662.0,0.4986940324306488,0.0,LHAG.DE,2014-07-24,Industrials
4663.0,0.4988335967063904,1.0,LHAG.DE,2014-07-25,Industrials
4664.0,0.4996565878391266,0.0,LHAG.DE,2014-07-28,Industrials
4665.0,0.5026158094406128,0.0,LHAG.DE,2014-07-29,Industrials
4666.0,0.5023377537727356,1.0,LHAG.DE,2014-07-30,Industrials
4667.0,0.5016025304794312,0.0,LHAG.DE,2014-07-31,Industrials
4668.0,0.5007723569869995,1.0,LHAG.DE,2014-08-01,Industrials
4669.0,0.5018411874771118,0.0,LHAG.DE,2014-08-04,Industrials
4670.0,0.50283282995224,0.0,LHAG.DE,2014-08-05,Industrials
4671.0,0.5028504133224487,0.0,LHAG.DE,2014-08-06,Industrials
4672.0,0.5024198293685913,0.0,LHAG.DE,2014-08-07,Industrials
4673.0,0.5017601847648621,0.0,LHAG.DE,2014-08-08,Industrials
4674.0,0.50139319896698,1.0,LHAG.DE,2014-08-11,Industrials
4675.0,0.5010173916816711,1.0,LHAG.DE,2014-08-12,Industrials
4676.0,0.49979132413864136,0.0,LHAG.DE,2014-08-13,Industrials
4677.0,0.4984689950942993,0.0,LHAG.DE,2014-08-14,Industrials
4678.0,0.4980226755142212,1.0,LHAG.DE,2014-08-15,Industrials
4679.0,0.49779900908470154,0.0,LHAG.DE,2014-08-18,Industrials
4680.0,0.4976176917552948,1.0,LHAG.DE,2014-08-19,Industrials
4681.0,0.4974788427352905,1.0,LHAG.DE,2014-08-20,Industrials
4682.0,0.49710825085639954,0.0,LHAG.DE,2014-08-21,Industrials
4683.0,0.5001214146614075,1.0,LHAG.DE,2014-08-22,Industrials
4684.0,0.5015140771865845,0.0,LHAG.DE,2014-08-25,Industrials
4685.0,0.502663791179657,1.0,LHAG.DE,2014-08-26,Industrials
4686.0,0.502831220626831,1.0,LHAG.DE,2014-08-27,Industrials
4687.0,0.5028853416442871,0.0,LHAG.DE,2014-08-28,Industrials
4688.0,0.5039997100830078,0.0,LHAG.DE,2014-08-29,Industrials
4689.0,0.5058298707008362,1.0,LHAG.DE,2014-09-01,Industrials
4690.0,0.5057999491691589,0.0,LHAG.DE,2014-09-02,Industrials
4691.0,0.5056524872779846,1.0,LHAG.DE,2014-09-03,Industrials
4692.0,0.5048666000366211,0.0,LHAG.DE,2014-09-04,Industrials
4693.0,0.5041983723640442,1.0,LHAG.DE,2014-09-05,Industrials
4694.0,0.504632830619812,1.0,LHAG.DE,2014-09-08,Industrials
4695.0,0.505996584892273,0.0,LHAG.DE,2014-09-09,Industrials
4696.0,0.5038411617279053,0.0,LHAG.DE,2014-09-10,Industrials
4697.0,0.5017746090888977,1.0,LHAG.DE,2014-09-11,Industrials
4698.0,0.5009821057319641,0.0,LHAG.DE,2014-09-12,Industrials
4699.0,0.500723659992218,0.0,LHAG.DE,2014-09-15,Industrials
4700.0,0.5024006962776184,0.0,LHAG.DE,2014-09-16,Industrials
4701.0,0.503019392490387,0.0,LHAG.DE,2014-09-17,Industrials
4702.0,0.5031649470329285,0.0,LHAG.DE,2014-09-18,Industrials
4703.0,0.5036031007766724,0.0,LHAG.DE,2014-09-19,Industrials
4704.0,0.5022457242012024,0.0,LHAG.DE,2014-09-22,Industrials
4705.0,0.5012968182563782,1.0,LHAG.DE,2014-09-23,Industrials
4706.0,0.5010374188423157,0.0,LHAG.DE,2014-09-24,Industrials
4707.0,0.5003451704978943,1.0,LHAG.DE,2014-09-25,Industrials
4708.0,0.49938103556632996,0.0,LHAG.DE,2014-09-26,Industrials
4709.0,0.4987044036388397,0.0,LHAG.DE,2014-09-29,Industrials
4710.0,0.4982958734035492,0.0,LHAG.DE,2014-09-30,Industrials
4711.0,0.4982314705848694,0.0,LHAG.DE,2014-10-01,Industrials
4712.0,0.4985688030719757,0.0,LHAG.DE,2014-10-02,Industrials
4713.0,0.49798649549484253,1.0,LHAG.DE,2014-10-06,Industrials
4714.0,0.497261106967926,0.0,LHAG.DE,2014-10-07,Industrials
4715.0,0.49753767251968384,0.0,LHAG.DE,2014-10-08,Industrials
4716.0,0.497611403465271,0.0,LHAG.DE,2014-10-09,Industrials
4717.0,0.498176634311676,1.0,LHAG.DE,2014-10-10,Industrials
4718.0,0.49812382459640503,1.0,LHAG.DE,2014-10-13,Industrials
4719.0,0.498416930437088,1.0,LHAG.DE,2014-10-14,Industrials
4720.0,0.49764329195022583,1.0,LHAG.DE,2014-10-15,Industrials
4721.0,0.49664705991744995,1.0,LHAG.DE,2014-10-16,Industrials
4722.0,0.4978583753108978,0.0,LHAG.DE,2014-10-17,Industrials
4723.0,0.497671902179718,1.0,LHAG.DE,2014-10-20,Industrials
4724.0,0.4971499443054199,1.0,LHAG.DE,2014-10-21,Industrials
4725.0,0.49685636162757874,0.0,LHAG.DE,2014-10-22,Industrials
4726.0,0.49665722250938416,1.0,LHAG.DE,2014-10-23,Industrials
4727.0,0.4975832998752594,0.0,LHAG.DE,2014-10-24,Industrials
4728.0,0.5000144839286804,1.0,LHAG.DE,2014-10-27,Industrials
4729.0,0.5005754232406616,1.0,LHAG.DE,2014-10-28,Industrials
4730.0,0.5031350255012512,0.0,LHAG.DE,2014-10-29,Industrials
4731.0,0.5058258175849915,0.0,LHAG.DE,2014-10-30,Industrials
4732.0,0.5060652494430542,1.0,LHAG.DE,2014-10-31,Industrials
4733.0,0.5086426138877869,1.0,LHAG.DE,2014-11-03,Industrials
4734.0,0.5085465312004089,1.0,LHAG.DE,2014-11-04,Industrials
4735.0,0.5089852809906006,1.0,LHAG.DE,2014-11-05,Industrials
4736.0,0.5067867040634155,1.0,LHAG.DE,2014-11-06,Industrials
4737.0,0.5047985911369324,1.0,LHAG.DE,2014-11-07,Industrials
4738.0,0.5049495100975037,1.0,LHAG.DE,2014-11-10,Industrials
4739.0,0.5040965676307678,1.0,LHAG.DE,2014-11-11,Industrials
4740.0,0.5014529228210449,0.0,LHAG.DE,2014-11-12,Industrials
4741.0,0.5010595917701721,1.0,LHAG.DE,2014-11-13,Industrials
4742.0,0.5014793872833252,1.0,LHAG.DE,2014-11-14,Industrials
4743.0,0.5031360983848572,0.0,LHAG.DE,2014-11-17,Industrials
4744.0,0.5061073303222656,0.0,LHAG.DE,2014-11-18,Industrials
4745.0,0.5089191794395447,0.0,LHAG.DE,2014-11-19,Industrials
4746.0,0.5077670216560364,1.0,LHAG.DE,2014-11-20,Industrials
4747.0,0.5084332227706909,0.0,LHAG.DE,2014-11-21,Industrials
4748.0,0.5082316994667053,0.0,LHAG.DE,2014-11-24,Industrials
4749.0,0.5060300827026367,0.0,LHAG.DE,2014-11-25,Industrials
4750.0,0.502686083316803,0.0,LING.DE^D19,2013-11-28,Basic Materials
4751.0,0.5021730661392212,1.0,LING.DE^D19,2013-11-29,Basic Materials
4752.0,0.5018666386604309,0.0,LING.DE^D19,2013-12-02,Basic Materials
4753.0,0.5017604231834412,1.0,LING.DE^D19,2013-12-03,Basic Materials
4754.0,0.5011529922485352,0.0,LING.DE^D19,2013-12-04,Basic Materials
4755.0,0.5011012554168701,1.0,LING.DE^D19,2013-12-05,Basic Materials
4756.0,0.5012362003326416,1.0,LING.DE^D19,2013-12-06,Basic Materials
4757.0,0.4999642074108124,1.0,LING.DE^D19,2013-12-09,Basic Materials
4758.0,0.49876490235328674,1.0,LING.DE^D19,2013-12-10,Basic Materials
4759.0,0.4988401234149933,0.0,LING.DE^D19,2013-12-11,Basic Materials
4760.0,0.49959516525268555,1.0,LING.DE^D19,2013-12-12,Basic Materials
4761.0,0.5003019571304321,1.0,LING.DE^D19,2013-12-13,Basic Materials
4762.0,0.5000309944152832,1.0,LING.DE^D19,2013-12-16,Basic Materials
4763.0,0.49948644638061523,0.0,LING.DE^D19,2013-12-17,Basic Materials
4764.0,0.4991718828678131,0.0,LING.DE^D19,2013-12-18,Basic Materials
4765.0,0.4993759095668793,0.0,LING.DE^D19,2013-12-19,Basic Materials
4766.0,0.5008683204650879,0.0,LING.DE^D19,2013-12-20,Basic Materials
4767.0,0.500576913356781,0.0,LING.DE^D19,2013-12-23,Basic Materials
4768.0,0.5008506178855896,1.0,LING.DE^D19,2013-12-27,Basic Materials
4769.0,0.5016669631004333,0.0,LING.DE^D19,2013-12-30,Basic Materials
4770.0,0.5021528601646423,1.0,LING.DE^D19,2014-01-02,Basic Materials
4771.0,0.5024893879890442,1.0,LING.DE^D19,2014-01-03,Basic Materials
4772.0,0.5027030110359192,0.0,LING.DE^D19,2014-01-06,Basic Materials
4773.0,0.5028231143951416,0.0,LING.DE^D19,2014-01-07,Basic Materials
4774.0,0.5028738975524902,1.0,LING.DE^D19,2014-01-08,Basic Materials
4775.0,0.5032195448875427,0.0,LING.DE^D19,2014-01-09,Basic Materials
4776.0,0.5023759007453918,1.0,LING.DE^D19,2014-01-10,Basic Materials
4777.0,0.5013049840927124,0.0,LING.DE^D19,2014-01-13,Basic Materials
4778.0,0.5003193616867065,0.0,LING.DE^D19,2014-01-14,Basic Materials
4779.0,0.4992434084415436,0.0,LING.DE^D19,2014-01-15,Basic Materials
4780.0,0.49932408332824707,1.0,LING.DE^D19,2014-01-16,Basic Materials
4781.0,0.4990568459033966,0.0,LING.DE^D19,2014-01-17,Basic Materials
4782.0,0.4982903003692627,1.0,LING.DE^D19,2014-01-20,Basic Materials
4783.0,0.49848872423171997,1.0,LING.DE^D19,2014-01-21,Basic Materials
4784.0,0.4980175495147705,1.0,LING.DE^D19,2014-01-22,Basic Materials
4785.0,0.4984300434589386,0.0,LING.DE^D19,2014-01-23,Basic Materials
4786.0,0.49867814779281616,1.0,LING.DE^D19,2014-01-24,Basic Materials
4787.0,0.4988051950931549,1.0,LING.DE^D19,2014-01-27,Basic Materials
4788.0,0.4993537664413452,0.0,LING.DE^D19,2014-01-28,Basic Materials
4789.0,0.5003778338432312,0.0,LING.DE^D19,2014-01-29,Basic Materials
4790.0,0.5007418990135193,0.0,LING.DE^D19,2014-01-30,Basic Materials
4791.0,0.5009509921073914,0.0,LING.DE^D19,2014-01-31,Basic Materials
4792.0,0.5012117624282837,1.0,LING.DE^D19,2014-02-03,Basic Materials
4793.0,0.5013692378997803,1.0,LING.DE^D19,2014-02-04,Basic Materials
4794.0,0.5005326867103577,0.0,LING.DE^D19,2014-02-05,Basic Materials
4795.0,0.49932894110679626,0.0,LING.DE^D19,2014-02-06,Basic Materials
4796.0,0.4987594485282898,0.0,LING.DE^D19,2014-02-07,Basic Materials
4797.0,0.49835172295570374,1.0,LING.DE^D19,2014-02-10,Basic Materials
4798.0,0.49767813086509705,1.0,LING.DE^D19,2014-02-11,Basic Materials
4799.0,0.4977741837501526,0.0,LING.DE^D19,2014-02-12,Basic Materials
4800.0,0.49737173318862915,1.0,LING.DE^D19,2014-02-13,Basic Materials
4801.0,0.4976341426372528,1.0,LING.DE^D19,2014-02-14,Basic Materials
4802.0,0.49769753217697144,0.0,LING.DE^D19,2014-02-17,Basic Materials
4803.0,0.4979533851146698,0.0,LING.DE^D19,2014-02-18,Basic Materials
4804.0,0.49884095788002014,1.0,LING.DE^D19,2014-02-19,Basic Materials
4805.0,0.4996339678764343,0.0,LING.DE^D19,2014-02-20,Basic Materials
4806.0,0.5010513067245483,0.0,LING.DE^D19,2014-02-21,Basic Materials
4807.0,0.5032681822776794,0.0,LING.DE^D19,2014-02-24,Basic Materials
4808.0,0.5034942626953125,1.0,LING.DE^D19,2014-02-25,Basic Materials
4809.0,0.5043721199035645,1.0,LING.DE^D19,2014-02-26,Basic Materials
4810.0,0.5047290325164795,1.0,LING.DE^D19,2014-02-27,Basic Materials
4811.0,0.5037224292755127,0.0,LING.DE^D19,2014-02-28,Basic Materials
4812.0,0.5026562809944153,1.0,LING.DE^D19,2014-03-03,Basic Materials
4813.0,0.5022072196006775,0.0,LING.DE^D19,2014-03-04,Basic Materials
4814.0,0.5012180209159851,0.0,LING.DE^D19,2014-03-05,Basic Materials
4815.0,0.5008183717727661,1.0,LING.DE^D19,2014-03-06,Basic Materials
4816.0,0.500979483127594,1.0,LING.DE^D19,2014-03-07,Basic Materials
4817.0,0.5011616945266724,1.0,LING.DE^D19,2014-03-10,Basic Materials
4818.0,0.5010493993759155,0.0,LING.DE^D19,2014-03-11,Basic Materials
4819.0,0.49925458431243896,1.0,LING.DE^D19,2014-03-12,Basic Materials
4820.0,0.49994122982025146,0.0,LING.DE^D19,2014-03-13,Basic Materials
4821.0,0.4998190104961395,1.0,LING.DE^D19,2014-03-14,Basic Materials
4822.0,0.5001270771026611,0.0,LING.DE^D19,2014-03-17,Basic Materials
4823.0,0.49996379017829895,1.0,LING.DE^D19,2014-03-18,Basic Materials
4824.0,0.499743789434433,0.0,LING.DE^D19,2014-03-19,Basic Materials
4825.0,0.49948209524154663,0.0,LING.DE^D19,2014-03-20,Basic Materials
4826.0,0.49880582094192505,1.0,LING.DE^D19,2014-03-21,Basic Materials
4827.0,0.49776148796081543,1.0,LING.DE^D19,2014-03-24,Basic Materials
4828.0,0.4982699453830719,1.0,LING.DE^D19,2014-03-25,Basic Materials
4829.0,0.4976886510848999,0.0,LING.DE^D19,2014-03-26,Basic Materials
4830.0,0.4983004927635193,1.0,LING.DE^D19,2014-03-27,Basic Materials
4831.0,0.49902135133743286,0.0,LING.DE^D19,2014-03-28,Basic Materials
4832.0,0.4994361102581024,1.0,LING.DE^D19,2014-03-31,Basic Materials
4833.0,0.5006032586097717,0.0,LING.DE^D19,2014-04-01,Basic Materials
4834.0,0.5002756118774414,1.0,LING.DE^D19,2014-04-02,Basic Materials
4835.0,0.501578152179718,0.0,LING.DE^D19,2014-04-03,Basic Materials
4836.0,0.5021390914916992,0.0,LING.DE^D19,2014-04-04,Basic Materials
4837.0,0.5026615858078003,1.0,LING.DE^D19,2014-04-07,Basic Materials
4838.0,0.5029537081718445,1.0,LING.DE^D19,2014-04-08,Basic Materials
4839.0,0.5026600360870361,0.0,LING.DE^D19,2014-04-09,Basic Materials
4840.0,0.5021912455558777,1.0,LING.DE^D19,2014-04-10,Basic Materials
4841.0,0.5017219185829163,1.0,LING.DE^D19,2014-04-11,Basic Materials
4842.0,0.5015745162963867,1.0,LING.DE^D19,2014-04-14,Basic Materials
4843.0,0.5005966424942017,1.0,LING.DE^D19,2014-04-15,Basic Materials
4844.0,0.5005580186843872,0.0,LING.DE^D19,2014-04-16,Basic Materials
4845.0,0.5001770257949829,0.0,LING.DE^D19,2014-04-17,Basic Materials
4846.0,0.4999067187309265,0.0,LING.DE^D19,2014-04-22,Basic Materials
4847.0,0.49907827377319336,1.0,LING.DE^D19,2014-04-23,Basic Materials
4848.0,0.49962812662124634,1.0,LING.DE^D19,2014-04-24,Basic Materials
4849.0,0.49933454394340515,1.0,LING.DE^D19,2014-04-25,Basic Materials
4850.0,0.499552845954895,1.0,LING.DE^D19,2014-04-28,Basic Materials
4851.0,0.4999716579914093,0.0,LING.DE^D19,2014-04-29,Basic Materials
4852.0,0.5004022121429443,1.0,LING.DE^D19,2014-04-30,Basic Materials
4853.0,0.5007690191268921,1.0,LING.DE^D19,2014-05-02,Basic Materials
4854.0,0.5022054314613342,1.0,LING.DE^D19,2014-05-05,Basic Materials
4855.0,0.5026845335960388,0.0,LING.DE^D19,2014-05-06,Basic Materials
4856.0,0.5026087760925293,1.0,LING.DE^D19,2014-05-07,Basic Materials
4857.0,0.5016038417816162,0.0,LING.DE^D19,2014-05-08,Basic Materials
4858.0,0.5017507672309875,1.0,LING.DE^D19,2014-05-09,Basic Materials
4859.0,0.5025242567062378,0.0,LING.DE^D19,2014-05-12,Basic Materials
4860.0,0.5029104948043823,1.0,LING.DE^D19,2014-05-13,Basic Materials
4861.0,0.5030969977378845,1.0,LING.DE^D19,2014-05-14,Basic Materials
4862.0,0.5021718740463257,1.0,LING.DE^D19,2014-05-15,Basic Materials
4863.0,0.5013993382453918,1.0,LING.DE^D19,2014-05-16,Basic Materials
4864.0,0.4995167851448059,1.0,LING.DE^D19,2014-05-19,Basic Materials
4865.0,0.49934548139572144,1.0,LING.DE^D19,2014-05-20,Basic Materials
4866.0,0.4995604455471039,0.0,LING.DE^D19,2014-05-21,Basic Materials
4867.0,0.5003384947776794,1.0,LING.DE^D19,2014-05-22,Basic Materials
4868.0,0.5011468529701233,0.0,LING.DE^D19,2014-05-23,Basic Materials
4869.0,0.5022043585777283,1.0,LING.DE^D19,2014-05-26,Basic Materials
4870.0,0.5024849772453308,1.0,LING.DE^D19,2014-05-27,Basic Materials
4871.0,0.5029140710830688,0.0,LING.DE^D19,2014-05-28,Basic Materials
4872.0,0.50262850522995,0.0,LING.DE^D19,2014-05-29,Basic Materials
4873.0,0.5028067231178284,1.0,LING.DE^D19,2014-05-30,Basic Materials
4874.0,0.5025219321250916,1.0,LING.DE^D19,2014-06-02,Basic Materials
4875.0,0.501872718334198,1.0,LING.DE^D19,2014-06-03,Basic Materials
4876.0,0.5019537210464478,1.0,LING.DE^D19,2014-06-04,Basic Materials
4877.0,0.5009092688560486,0.0,LING.DE^D19,2014-06-05,Basic Materials
4878.0,0.5012479424476624,1.0,LING.DE^D19,2014-06-06,Basic Materials
4879.0,0.5016127228736877,0.0,LING.DE^D19,2014-06-09,Basic Materials
4880.0,0.5013141632080078,0.0,LING.DE^D19,2014-06-10,Basic Materials
4881.0,0.5005374550819397,1.0,LING.DE^D19,2014-06-11,Basic Materials
4882.0,0.5003294348716736,1.0,LING.DE^D19,2014-06-12,Basic Materials
4883.0,0.5007563829421997,1.0,LING.DE^D19,2014-06-13,Basic Materials
4884.0,0.5005874633789062,1.0,LING.DE^D19,2014-06-16,Basic Materials
4885.0,0.50094074010849,1.0,LING.DE^D19,2014-06-17,Basic Materials
4886.0,0.5008230805397034,1.0,LING.DE^D19,2014-06-18,Basic Materials
4887.0,0.5009211301803589,0.0,LING.DE^D19,2014-06-19,Basic Materials
4888.0,0.5006288290023804,1.0,LING.DE^D19,2014-06-20,Basic Materials
4889.0,0.50018310546875,0.0,LING.DE^D19,2014-06-23,Basic Materials
4890.0,0.5002315640449524,1.0,LING.DE^D19,2014-06-24,Basic Materials
4891.0,0.5001729726791382,0.0,LING.DE^D19,2014-06-25,Basic Materials
4892.0,0.49993565678596497,1.0,LING.DE^D19,2014-06-26,Basic Materials
4893.0,0.4997968077659607,1.0,LING.DE^D19,2014-06-27,Basic Materials
4894.0,0.5002382397651672,1.0,LING.DE^D19,2014-06-30,Basic Materials
4895.0,0.50050950050354,1.0,LING.DE^D19,2014-07-01,Basic Materials
4896.0,0.5000625848770142,0.0,LING.DE^D19,2014-07-02,Basic Materials
4897.0,0.5004699230194092,0.0,LING.DE^D19,2014-07-03,Basic Materials
4898.0,0.49970948696136475,1.0,LING.DE^D19,2014-07-04,Basic Materials
4899.0,0.499651700258255,1.0,LING.DE^D19,2014-07-07,Basic Materials
4900.0,0.49900922179222107,0.0,LING.DE^D19,2014-07-08,Basic Materials
4901.0,0.49889370799064636,0.0,LING.DE^D19,2014-07-09,Basic Materials
4902.0,0.4992920458316803,1.0,LING.DE^D19,2014-07-10,Basic Materials
4903.0,0.4999291002750397,1.0,LING.DE^D19,2014-07-11,Basic Materials
4904.0,0.5008006691932678,0.0,LING.DE^D19,2014-07-14,Basic Materials
4905.0,0.5007727146148682,0.0,LING.DE^D19,2014-07-15,Basic Materials
4906.0,0.500731348991394,0.0,LING.DE^D19,2014-07-16,Basic Materials
4907.0,0.5010344386100769,1.0,LING.DE^D19,2014-07-17,Basic Materials
4908.0,0.5004549026489258,1.0,LING.DE^D19,2014-07-18,Basic Materials
4909.0,0.49930980801582336,1.0,LING.DE^D19,2014-07-21,Basic Materials
4910.0,0.49875694513320923,1.0,LING.DE^D19,2014-07-22,Basic Materials
4911.0,0.4980982840061188,0.0,LING.DE^D19,2014-07-23,Basic Materials
4912.0,0.49829915165901184,1.0,LING.DE^D19,2014-07-24,Basic Materials
4913.0,0.4993056356906891,1.0,LING.DE^D19,2014-07-25,Basic Materials
4914.0,0.49915507435798645,1.0,LING.DE^D19,2014-07-28,Basic Materials
4915.0,0.4998660087585449,1.0,LING.DE^D19,2014-07-29,Basic Materials
4916.0,0.4997147023677826,1.0,LING.DE^D19,2014-07-30,Basic Materials
4917.0,0.5002878308296204,0.0,LING.DE^D19,2014-07-31,Basic Materials
4918.0,0.5002951622009277,0.0,LING.DE^D19,2014-08-01,Basic Materials
4919.0,0.5010649561882019,0.0,LING.DE^D19,2014-08-04,Basic Materials
4920.0,0.501045823097229,1.0,LING.DE^D19,2014-08-05,Basic Materials
4921.0,0.5017768144607544,1.0,LING.DE^D19,2014-08-06,Basic Materials
4922.0,0.5010716915130615,1.0,LING.DE^D19,2014-08-07,Basic Materials
4923.0,0.5012282133102417,0.0,LING.DE^D19,2014-08-08,Basic Materials
4924.0,0.5022667646408081,0.0,LING.DE^D19,2014-08-11,Basic Materials
4925.0,0.5024010539054871,1.0,LING.DE^D19,2014-08-12,Basic Materials
4926.0,0.500808596611023,0.0,LING.DE^D19,2014-08-13,Basic Materials
4927.0,0.4986405074596405,0.0,LING.DE^D19,2014-08-14,Basic Materials
4928.0,0.49741601943969727,0.0,LING.DE^D19,2014-08-15,Basic Materials
4929.0,0.49784398078918457,1.0,LING.DE^D19,2014-08-18,Basic Materials
4930.0,0.4988570809364319,0.0,LING.DE^D19,2014-08-19,Basic Materials
4931.0,0.4990746080875397,1.0,LING.DE^D19,2014-08-20,Basic Materials
4932.0,0.49918031692504883,0.0,LING.DE^D19,2014-08-21,Basic Materials
4933.0,0.5006728172302246,1.0,LING.DE^D19,2014-08-22,Basic Materials
4934.0,0.5007935762405396,0.0,LING.DE^D19,2014-08-25,Basic Materials
4935.0,0.5015735626220703,0.0,LING.DE^D19,2014-08-26,Basic Materials
4936.0,0.5014951229095459,0.0,LING.DE^D19,2014-08-27,Basic Materials
4937.0,0.5005348324775696,1.0,LING.DE^D19,2014-08-28,Basic Materials
4938.0,0.5016033053398132,1.0,LING.DE^D19,2014-08-29,Basic Materials
4939.0,0.5022839903831482,0.0,LING.DE^D19,2014-09-01,Basic Materials
4940.0,0.5025142431259155,0.0,LING.DE^D19,2014-09-02,Basic Materials
4941.0,0.501761257648468,0.0,LING.DE^D19,2014-09-03,Basic Materials
4942.0,0.5015234351158142,0.0,LING.DE^D19,2014-09-04,Basic Materials
4943.0,0.5021530985832214,1.0,LING.DE^D19,2014-09-05,Basic Materials
4944.0,0.5024644136428833,0.0,LING.DE^D19,2014-09-08,Basic Materials
4945.0,0.5022151470184326,1.0,LING.DE^D19,2014-09-09,Basic Materials
4946.0,0.5011802911758423,1.0,LING.DE^D19,2014-09-10,Basic Materials
4947.0,0.5009419322013855,1.0,LING.DE^D19,2014-09-11,Basic Materials
4948.0,0.5005625486373901,0.0,LING.DE^D19,2014-09-12,Basic Materials
4949.0,0.5003962516784668,1.0,LING.DE^D19,2014-09-15,Basic Materials
4950.0,0.5012544989585876,0.0,LING.DE^D19,2014-09-16,Basic Materials
4951.0,0.501367449760437,1.0,LING.DE^D19,2014-09-17,Basic Materials
4952.0,0.5015465617179871,1.0,LING.DE^D19,2014-09-18,Basic Materials
4953.0,0.501397967338562,1.0,LING.DE^D19,2014-09-19,Basic Materials
4954.0,0.5010374188423157,0.0,LING.DE^D19,2014-09-22,Basic Materials
4955.0,0.5012854933738708,0.0,LING.DE^D19,2014-09-23,Basic Materials
4956.0,0.5013670325279236,1.0,LING.DE^D19,2014-09-24,Basic Materials
4957.0,0.5006733536720276,0.0,LING.DE^D19,2014-09-25,Basic Materials
4958.0,0.5008542537689209,0.0,LING.DE^D19,2014-09-26,Basic Materials
4959.0,0.500345766544342,1.0,LING.DE^D19,2014-09-29,Basic Materials
4960.0,0.5004718899726868,1.0,LING.DE^D19,2014-09-30,Basic Materials
4961.0,0.5011155009269714,0.0,LING.DE^D19,2014-10-01,Basic Materials
4962.0,0.5015948414802551,1.0,LING.DE^D19,2014-10-02,Basic Materials
4963.0,0.5008394122123718,1.0,LING.DE^D19,2014-10-06,Basic Materials
4964.0,0.49939239025115967,1.0,LING.DE^D19,2014-10-07,Basic Materials
4965.0,0.4995128810405731,1.0,LING.DE^D19,2014-10-08,Basic Materials
4966.0,0.4986598491668701,1.0,LING.DE^D19,2014-10-09,Basic Materials
4967.0,0.4985223114490509,1.0,LING.DE^D19,2014-10-10,Basic Materials
4968.0,0.4987650215625763,0.0,LING.DE^D19,2014-10-13,Basic Materials
4969.0,0.49964913725852966,1.0,LING.DE^D19,2014-10-14,Basic Materials
4970.0,0.49930456280708313,1.0,LING.DE^D19,2014-10-15,Basic Materials
4971.0,0.49869367480278015,0.0,LING.DE^D19,2014-10-16,Basic Materials
4972.0,0.49964824318885803,0.0,LING.DE^D19,2014-10-17,Basic Materials
4973.0,0.5006338357925415,1.0,LING.DE^D19,2014-10-20,Basic Materials
4974.0,0.5006144046783447,1.0,LING.DE^D19,2014-10-21,Basic Materials
4975.0,0.5015828013420105,0.0,LING.DE^D19,2014-10-22,Basic Materials
4976.0,0.5004754662513733,0.0,LING.DE^D19,2014-10-23,Basic Materials
4977.0,0.49966758489608765,1.0,LING.DE^D19,2014-10-24,Basic Materials
4978.0,0.4998740553855896,1.0,LING.DE^D19,2014-10-27,Basic Materials
4979.0,0.4990617036819458,0.0,LING.DE^D19,2014-10-28,Basic Materials
4980.0,0.4984646141529083,1.0,LING.DE^D19,2014-10-29,Basic Materials
4981.0,0.5000852942466736,0.0,LING.DE^D19,2014-10-30,Basic Materials
4982.0,0.5001448392868042,0.0,LING.DE^D19,2014-10-31,Basic Materials
4983.0,0.5021044015884399,0.0,LING.DE^D19,2014-11-03,Basic Materials
4984.0,0.5025561451911926,1.0,LING.DE^D19,2014-11-04,Basic Materials
4985.0,0.5032187104225159,0.0,LING.DE^D19,2014-11-05,Basic Materials
4986.0,0.5027478337287903,0.0,LING.DE^D19,2014-11-06,Basic Materials
4987.0,0.5026312470436096,1.0,LING.DE^D19,2014-11-07,Basic Materials
4988.0,0.5036124587059021,0.0,LING.DE^D19,2014-11-10,Basic Materials
4989.0,0.5046736598014832,1.0,LING.DE^D19,2014-11-11,Basic Materials
4990.0,0.502691924571991,1.0,LING.DE^D19,2014-11-12,Basic Materials
4991.0,0.5004274845123291,0.0,LING.DE^D19,2014-11-13,Basic Materials
4992.0,0.49889785051345825,0.0,LING.DE^D19,2014-11-14,Basic Materials
4993.0,0.49834388494491577,0.0,LING.DE^D19,2014-11-17,Basic Materials
4994.0,0.4989739656448364,1.0,LING.DE^D19,2014-11-18,Basic Materials
4995.0,0.4997379183769226,0.0,LING.DE^D19,2014-11-19,Basic Materials
4996.0,0.49996432662010193,0.0,LING.DE^D19,2014-11-20,Basic Materials
4997.0,0.5005441904067993,0.0,LING.DE^D19,2014-11-21,Basic Materials
4998.0,0.5011417865753174,0.0,LING.DE^D19,2014-11-24,Basic Materials
4999.0,0.5010849237442017,0.0,LING.DE^D19,2014-11-25,Basic Materials
5000.0,0.497540146112442,1.0,LXSG.DE,2013-11-28,Basic Materials
5001.0,0.49811145663261414,1.0,LXSG.DE,2013-11-29,Basic Materials
5002.0,0.4984839856624603,0.0,LXSG.DE,2013-12-02,Basic Materials
5003.0,0.4988538920879364,1.0,LXSG.DE,2013-12-03,Basic Materials
5004.0,0.4987993836402893,0.0,LXSG.DE,2013-12-04,Basic Materials
5005.0,0.4984554350376129,1.0,LXSG.DE,2013-12-05,Basic Materials
5006.0,0.5005626678466797,0.0,LXSG.DE,2013-12-06,Basic Materials
5007.0,0.5005932450294495,0.0,LXSG.DE,2013-12-09,Basic Materials
5008.0,0.49951615929603577,0.0,LXSG.DE,2013-12-10,Basic Materials
5009.0,0.49922510981559753,1.0,LXSG.DE,2013-12-11,Basic Materials
5010.0,0.4996173679828644,0.0,LXSG.DE,2013-12-12,Basic Materials
5011.0,0.49969860911369324,1.0,LXSG.DE,2013-12-13,Basic Materials
5012.0,0.4991314113140106,0.0,LXSG.DE,2013-12-16,Basic Materials
5013.0,0.4989685118198395,0.0,LXSG.DE,2013-12-17,Basic Materials
5014.0,0.49852490425109863,0.0,LXSG.DE,2013-12-18,Basic Materials
5015.0,0.49942293763160706,0.0,LXSG.DE,2013-12-19,Basic Materials
5016.0,0.5005874037742615,1.0,LXSG.DE,2013-12-20,Basic Materials
5017.0,0.5005500912666321,1.0,LXSG.DE,2013-12-23,Basic Materials
5018.0,0.501156210899353,1.0,LXSG.DE,2013-12-27,Basic Materials
5019.0,0.501736044883728,1.0,LXSG.DE,2013-12-30,Basic Materials
5020.0,0.5024351477622986,0.0,LXSG.DE,2014-01-02,Basic Materials
5021.0,0.5062128901481628,1.0,LXSG.DE,2014-01-03,Basic Materials
5022.0,0.5103700160980225,0.0,LXSG.DE,2014-01-06,Basic Materials
5023.0,0.5138939619064331,0.0,LXSG.DE,2014-01-07,Basic Materials
5024.0,0.5165006518363953,1.0,LXSG.DE,2014-01-08,Basic Materials
5025.0,0.5151119232177734,0.0,LXSG.DE,2014-01-09,Basic Materials
5026.0,0.5120912194252014,0.0,LXSG.DE,2014-01-10,Basic Materials
5027.0,0.5089643597602844,1.0,LXSG.DE,2014-01-13,Basic Materials
5028.0,0.5062276721000671,0.0,LXSG.DE,2014-01-14,Basic Materials
5029.0,0.5026808977127075,0.0,LXSG.DE,2014-01-15,Basic Materials
5030.0,0.5019093155860901,1.0,LXSG.DE,2014-01-16,Basic Materials
5031.0,0.5007705092430115,1.0,LXSG.DE,2014-01-17,Basic Materials
5032.0,0.4992752969264984,0.0,LXSG.DE,2014-01-20,Basic Materials
5033.0,0.49889981746673584,1.0,LXSG.DE,2014-01-21,Basic Materials
5034.0,0.49760642647743225,0.0,LXSG.DE,2014-01-22,Basic Materials
5035.0,0.4966352581977844,0.0,LXSG.DE,2014-01-23,Basic Materials
5036.0,0.49797606468200684,1.0,LXSG.DE,2014-01-24,Basic Materials
5037.0,0.49860095977783203,1.0,LXSG.DE,2014-01-27,Basic Materials
5038.0,0.4995875358581543,1.0,LXSG.DE,2014-01-28,Basic Materials
5039.0,0.501043438911438,1.0,LXSG.DE,2014-01-29,Basic Materials
5040.0,0.5037016868591309,1.0,LXSG.DE,2014-01-30,Basic Materials
5041.0,0.5021977424621582,0.0,LXSG.DE,2014-01-31,Basic Materials
5042.0,0.5015634298324585,1.0,LXSG.DE,2014-02-03,Basic Materials
5043.0,0.4996160566806793,1.0,LXSG.DE,2014-02-04,Basic Materials
5044.0,0.4979185163974762,0.0,LXSG.DE,2014-02-05,Basic Materials
5045.0,0.49745211005210876,0.0,LXSG.DE,2014-02-06,Basic Materials
5046.0,0.5040005445480347,1.0,LXSG.DE,2014-02-07,Basic Materials
5047.0,0.5068296790122986,1.0,LXSG.DE,2014-02-10,Basic Materials
5048.0,0.5069002509117126,1.0,LXSG.DE,2014-02-11,Basic Materials
5049.0,0.5072349905967712,0.0,LXSG.DE,2014-02-12,Basic Materials
5050.0,0.5061403512954712,0.0,LXSG.DE,2014-02-13,Basic Materials
5051.0,0.504573404788971,1.0,LXSG.DE,2014-02-14,Basic Materials
5052.0,0.5050720572471619,1.0,LXSG.DE,2014-02-17,Basic Materials
5053.0,0.5047112703323364,0.0,LXSG.DE,2014-02-18,Basic Materials
5054.0,0.5052146911621094,0.0,LXSG.DE,2014-02-19,Basic Materials
5055.0,0.5070735216140747,1.0,LXSG.DE,2014-02-20,Basic Materials
5056.0,0.5072020292282104,1.0,LXSG.DE,2014-02-21,Basic Materials
5057.0,0.5080260038375854,1.0,LXSG.DE,2014-02-24,Basic Materials
5058.0,0.5073039531707764,1.0,LXSG.DE,2014-02-25,Basic Materials
5059.0,0.5054405331611633,0.0,LXSG.DE,2014-02-26,Basic Materials
5060.0,0.5055297613143921,1.0,LXSG.DE,2014-02-27,Basic Materials
5061.0,0.5066133737564087,0.0,LXSG.DE,2014-02-28,Basic Materials
5062.0,0.5057580471038818,1.0,LXSG.DE,2014-03-03,Basic Materials
5063.0,0.5044494271278381,0.0,LXSG.DE,2014-03-04,Basic Materials
5064.0,0.5033369660377502,1.0,LXSG.DE,2014-03-05,Basic Materials
5065.0,0.5027813911437988,1.0,LXSG.DE,2014-03-06,Basic Materials
5066.0,0.5032044649124146,1.0,LXSG.DE,2014-03-07,Basic Materials
5067.0,0.5030893683433533,0.0,LXSG.DE,2014-03-10,Basic Materials
5068.0,0.5010620951652527,0.0,LXSG.DE,2014-03-11,Basic Materials
5069.0,0.49924400448799133,0.0,LXSG.DE,2014-03-12,Basic Materials
5070.0,0.49952203035354614,1.0,LXSG.DE,2014-03-13,Basic Materials
5071.0,0.49964606761932373,1.0,LXSG.DE,2014-03-14,Basic Materials
5072.0,0.5000328421592712,1.0,LXSG.DE,2014-03-17,Basic Materials
5073.0,0.4993595480918884,0.0,LXSG.DE,2014-03-18,Basic Materials
5074.0,0.49845826625823975,0.0,LXSG.DE,2014-03-19,Basic Materials
5075.0,0.498449444770813,1.0,LXSG.DE,2014-03-20,Basic Materials
5076.0,0.4977278709411621,1.0,LXSG.DE,2014-03-21,Basic Materials
5077.0,0.49718958139419556,0.0,LXSG.DE,2014-03-24,Basic Materials
5078.0,0.4974607229232788,0.0,LXSG.DE,2014-03-25,Basic Materials
5079.0,0.49940410256385803,0.0,LXSG.DE,2014-03-26,Basic Materials
5080.0,0.5007010698318481,0.0,LXSG.DE,2014-03-27,Basic Materials
5081.0,0.5011364221572876,1.0,LXSG.DE,2014-03-28,Basic Materials
5082.0,0.5057643055915833,1.0,LXSG.DE,2014-03-31,Basic Materials
5083.0,0.5074617862701416,1.0,LXSG.DE,2014-04-01,Basic Materials
5084.0,0.505003809928894,1.0,LXSG.DE,2014-04-02,Basic Materials
5085.0,0.5039612650871277,1.0,LXSG.DE,2014-04-03,Basic Materials
5086.0,0.5039253234863281,0.0,LXSG.DE,2014-04-04,Basic Materials
5087.0,0.5029927492141724,0.0,LXSG.DE,2014-04-07,Basic Materials
5088.0,0.5038976669311523,1.0,LXSG.DE,2014-04-08,Basic Materials
5089.0,0.5047265291213989,0.0,LXSG.DE,2014-04-09,Basic Materials
5090.0,0.5050791501998901,1.0,LXSG.DE,2014-04-10,Basic Materials
5091.0,0.5046532154083252,0.0,LXSG.DE,2014-04-11,Basic Materials
5092.0,0.5037670731544495,0.0,LXSG.DE,2014-04-14,Basic Materials
5093.0,0.5015899538993835,0.0,LXSG.DE,2014-04-15,Basic Materials
5094.0,0.5009174346923828,1.0,LXSG.DE,2014-04-16,Basic Materials
5095.0,0.5005928874015808,0.0,LXSG.DE,2014-04-17,Basic Materials
5096.0,0.5014802813529968,0.0,LXSG.DE,2014-04-22,Basic Materials
5097.0,0.5005075931549072,1.0,LXSG.DE,2014-04-23,Basic Materials
5098.0,0.5002080202102661,0.0,LXSG.DE,2014-04-24,Basic Materials
5099.0,0.4990554749965668,1.0,LXSG.DE,2014-04-25,Basic Materials
5100.0,0.4996570646762848,0.0,LXSG.DE,2014-04-28,Basic Materials
5101.0,0.5003278851509094,0.0,LXSG.DE,2014-04-29,Basic Materials
5102.0,0.5008761882781982,1.0,LXSG.DE,2014-04-30,Basic Materials
5103.0,0.501289427280426,1.0,LXSG.DE,2014-05-02,Basic Materials
5104.0,0.502332866191864,0.0,LXSG.DE,2014-05-05,Basic Materials
5105.0,0.5022159218788147,0.0,LXSG.DE,2014-05-06,Basic Materials
5106.0,0.5016536116600037,1.0,LXSG.DE,2014-05-07,Basic Materials
5107.0,0.5010929703712463,1.0,LXSG.DE,2014-05-08,Basic Materials
5108.0,0.5003228187561035,0.0,LXSG.DE,2014-05-09,Basic Materials
5109.0,0.5005961060523987,1.0,LXSG.DE,2014-05-12,Basic Materials
5110.0,0.5014122724533081,0.0,LXSG.DE,2014-05-13,Basic Materials
5111.0,0.5022990107536316,0.0,LXSG.DE,2014-05-14,Basic Materials
5112.0,0.5023255944252014,1.0,LXSG.DE,2014-05-15,Basic Materials
5113.0,0.5012104511260986,0.0,LXSG.DE,2014-05-16,Basic Materials
5114.0,0.4997254014015198,1.0,LXSG.DE,2014-05-19,Basic Materials
5115.0,0.49946048855781555,0.0,LXSG.DE,2014-05-20,Basic Materials
5116.0,0.5004358887672424,0.0,LXSG.DE,2014-05-21,Basic Materials
5117.0,0.5003756880760193,0.0,LXSG.DE,2014-05-22,Basic Materials
5118.0,0.5014373064041138,1.0,LXSG.DE,2014-05-23,Basic Materials
5119.0,0.501073956489563,0.0,LXSG.DE,2014-05-26,Basic Materials
5120.0,0.500236451625824,0.0,LXSG.DE,2014-05-27,Basic Materials
5121.0,0.4997401237487793,1.0,LXSG.DE,2014-05-28,Basic Materials
5122.0,0.49830588698387146,0.0,LXSG.DE,2014-05-29,Basic Materials
5123.0,0.4984034299850464,1.0,LXSG.DE,2014-05-30,Basic Materials
5124.0,0.4978790581226349,0.0,LXSG.DE,2014-06-02,Basic Materials
5125.0,0.4980124533176422,0.0,LXSG.DE,2014-06-03,Basic Materials
5126.0,0.49853944778442383,0.0,LXSG.DE,2014-06-04,Basic Materials
5127.0,0.5001019835472107,0.0,LXSG.DE,2014-06-05,Basic Materials
5128.0,0.5010515451431274,0.0,LXSG.DE,2014-06-06,Basic Materials
5129.0,0.501254677772522,0.0,LXSG.DE,2014-06-09,Basic Materials
5130.0,0.5021339654922485,0.0,LXSG.DE,2014-06-10,Basic Materials
5131.0,0.5021216869354248,0.0,LXSG.DE,2014-06-11,Basic Materials
5132.0,0.5021724700927734,0.0,LXSG.DE,2014-06-12,Basic Materials
5133.0,0.5018281936645508,0.0,LXSG.DE,2014-06-13,Basic Materials
5134.0,0.5011262893676758,1.0,LXSG.DE,2014-06-16,Basic Materials
5135.0,0.5007229447364807,1.0,LXSG.DE,2014-06-17,Basic Materials
5136.0,0.5005196332931519,0.0,LXSG.DE,2014-06-18,Basic Materials
5137.0,0.5002704858779907,0.0,LXSG.DE,2014-06-19,Basic Materials
5138.0,0.5003004670143127,1.0,LXSG.DE,2014-06-20,Basic Materials
5139.0,0.4996259808540344,0.0,LXSG.DE,2014-06-23,Basic Materials
5140.0,0.4990122318267822,0.0,LXSG.DE,2014-06-24,Basic Materials
5141.0,0.4987758696079254,0.0,LXSG.DE,2014-06-25,Basic Materials
5142.0,0.498314768075943,0.0,LXSG.DE,2014-06-26,Basic Materials
5143.0,0.49838411808013916,1.0,LXSG.DE,2014-06-27,Basic Materials
5144.0,0.4994924068450928,1.0,LXSG.DE,2014-06-30,Basic Materials
5145.0,0.49989140033721924,0.0,LXSG.DE,2014-07-01,Basic Materials
5146.0,0.5004855394363403,1.0,LXSG.DE,2014-07-02,Basic Materials
5147.0,0.5006955862045288,0.0,LXSG.DE,2014-07-03,Basic Materials
5148.0,0.4999045133590698,1.0,LXSG.DE,2014-07-04,Basic Materials
5149.0,0.4992671310901642,0.0,LXSG.DE,2014-07-07,Basic Materials
5150.0,0.49852806329727173,1.0,LXSG.DE,2014-07-08,Basic Materials
5151.0,0.49798887968063354,0.0,LXSG.DE,2014-07-09,Basic Materials
5152.0,0.4983588755130768,0.0,LXSG.DE,2014-07-10,Basic Materials
5153.0,0.49938276410102844,0.0,LXSG.DE,2014-07-11,Basic Materials
5154.0,0.5001413226127625,1.0,LXSG.DE,2014-07-14,Basic Materials
5155.0,0.5024591088294983,1.0,LXSG.DE,2014-07-15,Basic Materials
5156.0,0.5031535029411316,1.0,LXSG.DE,2014-07-16,Basic Materials
5157.0,0.502899706363678,0.0,LXSG.DE,2014-07-17,Basic Materials
5158.0,0.5012627243995667,1.0,LXSG.DE,2014-07-18,Basic Materials
5159.0,0.4999498426914215,0.0,LXSG.DE,2014-07-21,Basic Materials
5160.0,0.4993744194507599,0.0,LXSG.DE,2014-07-22,Basic Materials
5161.0,0.49827173352241516,1.0,LXSG.DE,2014-07-23,Basic Materials
5162.0,0.4977238178253174,1.0,LXSG.DE,2014-07-24,Basic Materials
5163.0,0.4990365207195282,1.0,LXSG.DE,2014-07-25,Basic Materials
5164.0,0.4996296167373657,0.0,LXSG.DE,2014-07-28,Basic Materials
5165.0,0.5010479688644409,0.0,LXSG.DE,2014-07-29,Basic Materials
5166.0,0.5004715919494629,0.0,LXSG.DE,2014-07-30,Basic Materials
5167.0,0.5002256035804749,1.0,LXSG.DE,2014-07-31,Basic Materials
5168.0,0.4994426965713501,1.0,LXSG.DE,2014-08-01,Basic Materials
5169.0,0.4992574453353882,0.0,LXSG.DE,2014-08-04,Basic Materials
5170.0,0.5004999041557312,1.0,LXSG.DE,2014-08-05,Basic Materials
5171.0,0.5021624565124512,1.0,LXSG.DE,2014-08-06,Basic Materials
5172.0,0.5024450421333313,1.0,LXSG.DE,2014-08-07,Basic Materials
5173.0,0.5020794868469238,0.0,LXSG.DE,2014-08-08,Basic Materials
5174.0,0.5012079477310181,1.0,LXSG.DE,2014-08-11,Basic Materials
5175.0,0.5002692341804504,0.0,LXSG.DE,2014-08-12,Basic Materials
5176.0,0.49939975142478943,0.0,LXSG.DE,2014-08-13,Basic Materials
5177.0,0.4984046518802643,0.0,LXSG.DE,2014-08-14,Basic Materials
5178.0,0.4972943961620331,0.0,LXSG.DE,2014-08-15,Basic Materials
5179.0,0.4977369010448456,1.0,LXSG.DE,2014-08-18,Basic Materials
5180.0,0.5002617835998535,0.0,LXSG.DE,2014-08-19,Basic Materials
5181.0,0.5006800293922424,0.0,LXSG.DE,2014-08-20,Basic Materials
5182.0,0.49997463822364807,1.0,LXSG.DE,2014-08-21,Basic Materials
5183.0,0.5012085437774658,1.0,LXSG.DE,2014-08-22,Basic Materials
5184.0,0.5007020235061646,0.0,LXSG.DE,2014-08-25,Basic Materials
5185.0,0.5012641549110413,1.0,LXSG.DE,2014-08-26,Basic Materials
5186.0,0.5015214085578918,1.0,LXSG.DE,2014-08-27,Basic Materials
5187.0,0.5006626844406128,0.0,LXSG.DE,2014-08-28,Basic Materials
5188.0,0.5016898512840271,1.0,LXSG.DE,2014-08-29,Basic Materials
5189.0,0.5023301839828491,0.0,LXSG.DE,2014-09-01,Basic Materials
5190.0,0.5018336772918701,0.0,LXSG.DE,2014-09-02,Basic Materials
5191.0,0.5020530819892883,0.0,LXSG.DE,2014-09-03,Basic Materials
5192.0,0.5024310946464539,0.0,LXSG.DE,2014-09-04,Basic Materials
5193.0,0.5028358697891235,1.0,LXSG.DE,2014-09-05,Basic Materials
5194.0,0.5035196542739868,1.0,LXSG.DE,2014-09-08,Basic Materials
5195.0,0.5033510327339172,1.0,LXSG.DE,2014-09-09,Basic Materials
5196.0,0.5016326308250427,0.0,LXSG.DE,2014-09-10,Basic Materials
5197.0,0.5009317398071289,0.0,LXSG.DE,2014-09-11,Basic Materials
5198.0,0.5002679228782654,1.0,LXSG.DE,2014-09-12,Basic Materials
5199.0,0.4998440444469452,0.0,LXSG.DE,2014-09-15,Basic Materials
5200.0,0.4998641014099121,0.0,LXSG.DE,2014-09-16,Basic Materials
5201.0,0.4999814033508301,0.0,LXSG.DE,2014-09-17,Basic Materials
5202.0,0.5005497336387634,0.0,LXSG.DE,2014-09-18,Basic Materials
5203.0,0.5013236403465271,1.0,LXSG.DE,2014-09-19,Basic Materials
5204.0,0.5024297833442688,0.0,LXSG.DE,2014-09-22,Basic Materials
5205.0,0.5022838711738586,0.0,LXSG.DE,2014-09-23,Basic Materials
5206.0,0.5017331838607788,1.0,LXSG.DE,2014-09-24,Basic Materials
5207.0,0.501337468624115,1.0,LXSG.DE,2014-09-25,Basic Materials
5208.0,0.500429093837738,0.0,LXSG.DE,2014-09-26,Basic Materials
5209.0,0.4994441270828247,0.0,LXSG.DE,2014-09-29,Basic Materials
5210.0,0.49901282787323,0.0,LXSG.DE,2014-09-30,Basic Materials
5211.0,0.4990939497947693,0.0,LXSG.DE,2014-10-01,Basic Materials
5212.0,0.4999373257160187,1.0,LXSG.DE,2014-10-02,Basic Materials
5213.0,0.499249130487442,1.0,LXSG.DE,2014-10-06,Basic Materials
5214.0,0.4977281093597412,1.0,LXSG.DE,2014-10-07,Basic Materials
5215.0,0.49785497784614563,1.0,LXSG.DE,2014-10-08,Basic Materials
5216.0,0.49780961871147156,0.0,LXSG.DE,2014-10-09,Basic Materials
5217.0,0.4978142976760864,0.0,LXSG.DE,2014-10-10,Basic Materials
5218.0,0.4975137710571289,1.0,LXSG.DE,2014-10-13,Basic Materials
5219.0,0.49750733375549316,1.0,LXSG.DE,2014-10-14,Basic Materials
5220.0,0.4970380663871765,1.0,LXSG.DE,2014-10-15,Basic Materials
5221.0,0.4967978894710541,1.0,LXSG.DE,2014-10-16,Basic Materials
5222.0,0.4979170560836792,0.0,LXSG.DE,2014-10-17,Basic Materials
5223.0,0.498820960521698,0.0,LXSG.DE,2014-10-20,Basic Materials
5224.0,0.49907976388931274,1.0,LXSG.DE,2014-10-21,Basic Materials
5225.0,0.49869683384895325,0.0,LXSG.DE,2014-10-22,Basic Materials
5226.0,0.4975266456604004,0.0,LXSG.DE,2014-10-23,Basic Materials
5227.0,0.49728959798812866,0.0,LXSG.DE,2014-10-24,Basic Materials
5228.0,0.4986061751842499,0.0,LXSG.DE,2014-10-27,Basic Materials
5229.0,0.49852094054222107,1.0,LXSG.DE,2014-10-28,Basic Materials
5230.0,0.4986012279987335,1.0,LXSG.DE,2014-10-29,Basic Materials
5231.0,0.5001208186149597,0.0,LXSG.DE,2014-10-30,Basic Materials
5232.0,0.49982932209968567,1.0,LXSG.DE,2014-10-31,Basic Materials
5233.0,0.5015319585800171,1.0,LXSG.DE,2014-11-03,Basic Materials
5234.0,0.5025599002838135,1.0,LXSG.DE,2014-11-04,Basic Materials
5235.0,0.5021213889122009,0.0,LXSG.DE,2014-11-05,Basic Materials
5236.0,0.5015200972557068,0.0,LXSG.DE,2014-11-06,Basic Materials
5237.0,0.5007314682006836,0.0,LXSG.DE,2014-11-07,Basic Materials
5238.0,0.5024526715278625,1.0,LXSG.DE,2014-11-10,Basic Materials
5239.0,0.5035342574119568,0.0,LXSG.DE,2014-11-11,Basic Materials
5240.0,0.5027546882629395,1.0,LXSG.DE,2014-11-12,Basic Materials
5241.0,0.5047312378883362,0.0,LXSG.DE,2014-11-13,Basic Materials
5242.0,0.5047243237495422,0.0,LXSG.DE,2014-11-14,Basic Materials
5243.0,0.5043230056762695,0.0,LXSG.DE,2014-11-17,Basic Materials
5244.0,0.5045051574707031,0.0,LXSG.DE,2014-11-18,Basic Materials
5245.0,0.5021003484725952,1.0,LXSG.DE,2014-11-19,Basic Materials
5246.0,0.4997349679470062,0.0,LXSG.DE,2014-11-20,Basic Materials
5247.0,0.500205397605896,1.0,LXSG.DE,2014-11-21,Basic Materials
5248.0,0.5010179281234741,0.0,LXSG.DE,2014-11-24,Basic Materials
5249.0,0.5012367367744446,0.0,LXSG.DE,2014-11-25,Basic Materials
5250.0,0.4999399185180664,0.0,MBGn.DE,2013-11-28,Consumer Cyclicals
5251.0,0.5014670491218567,0.0,MBGn.DE,2013-11-29,Consumer Cyclicals
5252.0,0.5016748309135437,1.0,MBGn.DE,2013-12-02,Consumer Cyclicals
5253.0,0.5016781091690063,0.0,MBGn.DE,2013-12-03,Consumer Cyclicals
5254.0,0.5015005469322205,0.0,MBGn.DE,2013-12-04,Consumer Cyclicals
5255.0,0.5025144815444946,0.0,MBGn.DE,2013-12-05,Consumer Cyclicals
5256.0,0.5021660327911377,1.0,MBGn.DE,2013-12-06,Consumer Cyclicals
5257.0,0.500004231929779,1.0,MBGn.DE,2013-12-09,Consumer Cyclicals
5258.0,0.4988549053668976,0.0,MBGn.DE,2013-12-10,Consumer Cyclicals
5259.0,0.49772822856903076,1.0,MBGn.DE,2013-12-11,Consumer Cyclicals
5260.0,0.4986506402492523,1.0,MBGn.DE,2013-12-12,Consumer Cyclicals
5261.0,0.4997018575668335,0.0,MBGn.DE,2013-12-13,Consumer Cyclicals
5262.0,0.49957075715065,1.0,MBGn.DE,2013-12-16,Consumer Cyclicals
5263.0,0.49981793761253357,1.0,MBGn.DE,2013-12-17,Consumer Cyclicals
5264.0,0.4997403025627136,0.0,MBGn.DE,2013-12-18,Consumer Cyclicals
5265.0,0.4996442496776581,1.0,MBGn.DE,2013-12-19,Consumer Cyclicals
5266.0,0.5008208751678467,1.0,MBGn.DE,2013-12-20,Consumer Cyclicals
5267.0,0.5007364749908447,1.0,MBGn.DE,2013-12-23,Consumer Cyclicals
5268.0,0.5012381672859192,1.0,MBGn.DE,2013-12-27,Consumer Cyclicals
5269.0,0.5029666423797607,0.0,MBGn.DE,2013-12-30,Consumer Cyclicals
5270.0,0.5042852163314819,0.0,MBGn.DE,2014-01-02,Consumer Cyclicals
5271.0,0.5048148036003113,0.0,MBGn.DE,2014-01-03,Consumer Cyclicals
5272.0,0.5049675107002258,0.0,MBGn.DE,2014-01-06,Consumer Cyclicals
5273.0,0.5049244165420532,1.0,MBGn.DE,2014-01-07,Consumer Cyclicals
5274.0,0.504785418510437,0.0,MBGn.DE,2014-01-08,Consumer Cyclicals
5275.0,0.5049833655357361,1.0,MBGn.DE,2014-01-09,Consumer Cyclicals
5276.0,0.5037829279899597,0.0,MBGn.DE,2014-01-10,Consumer Cyclicals
5277.0,0.5023894309997559,1.0,MBGn.DE,2014-01-13,Consumer Cyclicals
5278.0,0.5011346340179443,1.0,MBGn.DE,2014-01-14,Consumer Cyclicals
5279.0,0.4992945194244385,1.0,MBGn.DE,2014-01-15,Consumer Cyclicals
5280.0,0.49862194061279297,1.0,MBGn.DE,2014-01-16,Consumer Cyclicals
5281.0,0.49834108352661133,1.0,MBGn.DE,2014-01-17,Consumer Cyclicals
5282.0,0.4993627667427063,0.0,MBGn.DE,2014-01-20,Consumer Cyclicals
5283.0,0.49961838126182556,0.0,MBGn.DE,2014-01-21,Consumer Cyclicals
5284.0,0.49965962767601013,1.0,MBGn.DE,2014-01-22,Consumer Cyclicals
5285.0,0.49964645504951477,0.0,MBGn.DE,2014-01-23,Consumer Cyclicals
5286.0,0.5005431771278381,0.0,MBGn.DE,2014-01-24,Consumer Cyclicals
5287.0,0.5016669631004333,0.0,MBGn.DE,2014-01-27,Consumer Cyclicals
5288.0,0.5042222142219543,1.0,MBGn.DE,2014-01-28,Consumer Cyclicals
5289.0,0.5043238401412964,0.0,MBGn.DE,2014-01-29,Consumer Cyclicals
5290.0,0.5043174028396606,1.0,MBGn.DE,2014-01-30,Consumer Cyclicals
5291.0,0.5033960938453674,0.0,MBGn.DE,2014-01-31,Consumer Cyclicals
5292.0,0.5020548701286316,0.0,MBGn.DE,2014-02-03,Consumer Cyclicals
5293.0,0.5016618967056274,1.0,MBGn.DE,2014-02-04,Consumer Cyclicals
5294.0,0.5004952549934387,1.0,MBGn.DE,2014-02-05,Consumer Cyclicals
5295.0,0.4984194040298462,1.0,MBGn.DE,2014-02-06,Consumer Cyclicals
5296.0,0.4971865713596344,1.0,MBGn.DE,2014-02-07,Consumer Cyclicals
5297.0,0.497556209564209,0.0,MBGn.DE,2014-02-10,Consumer Cyclicals
5298.0,0.4973967373371124,1.0,MBGn.DE,2014-02-11,Consumer Cyclicals
5299.0,0.49834442138671875,1.0,MBGn.DE,2014-02-12,Consumer Cyclicals
5300.0,0.4987475872039795,0.0,MBGn.DE,2014-02-13,Consumer Cyclicals
5301.0,0.49809905886650085,0.0,MBGn.DE,2014-02-14,Consumer Cyclicals
5302.0,0.4980936646461487,0.0,MBGn.DE,2014-02-17,Consumer Cyclicals
5303.0,0.49868810176849365,0.0,MBGn.DE,2014-02-18,Consumer Cyclicals
5304.0,0.5012080669403076,0.0,MBGn.DE,2014-02-19,Consumer Cyclicals
5305.0,0.5034156441688538,1.0,MBGn.DE,2014-02-20,Consumer Cyclicals
5306.0,0.5034236907958984,1.0,MBGn.DE,2014-02-21,Consumer Cyclicals
5307.0,0.5062283873558044,1.0,MBGn.DE,2014-02-24,Consumer Cyclicals
5308.0,0.5073264241218567,0.0,MBGn.DE,2014-02-25,Consumer Cyclicals
5309.0,0.5068206787109375,1.0,MBGn.DE,2014-02-26,Consumer Cyclicals
5310.0,0.5060555338859558,1.0,MBGn.DE,2014-02-27,Consumer Cyclicals
5311.0,0.5045421123504639,1.0,MBGn.DE,2014-02-28,Consumer Cyclicals
5312.0,0.5032301545143127,0.0,MBGn.DE,2014-03-03,Consumer Cyclicals
5313.0,0.50180584192276,1.0,MBGn.DE,2014-03-04,Consumer Cyclicals
5314.0,0.5010865330696106,1.0,MBGn.DE,2014-03-05,Consumer Cyclicals
5315.0,0.5016056895256042,1.0,MBGn.DE,2014-03-06,Consumer Cyclicals
5316.0,0.5021397471427917,0.0,MBGn.DE,2014-03-07,Consumer Cyclicals
5317.0,0.501458466053009,0.0,MBGn.DE,2014-03-10,Consumer Cyclicals
5318.0,0.5011398792266846,1.0,MBGn.DE,2014-03-11,Consumer Cyclicals
5319.0,0.49910441040992737,0.0,MBGn.DE,2014-03-12,Consumer Cyclicals
5320.0,0.501491367816925,0.0,MBGn.DE,2014-03-13,Consumer Cyclicals
5321.0,0.5032423734664917,0.0,MBGn.DE,2014-03-14,Consumer Cyclicals
5322.0,0.503706157207489,1.0,MBGn.DE,2014-03-17,Consumer Cyclicals
5323.0,0.5020663142204285,0.0,MBGn.DE,2014-03-18,Consumer Cyclicals
5324.0,0.5005106925964355,0.0,MBGn.DE,2014-03-19,Consumer Cyclicals
5325.0,0.5008729100227356,0.0,MBGn.DE,2014-03-20,Consumer Cyclicals
5326.0,0.500125527381897,0.0,MBGn.DE,2014-03-21,Consumer Cyclicals
5327.0,0.49896979331970215,0.0,MBGn.DE,2014-03-24,Consumer Cyclicals
5328.0,0.4984694719314575,0.0,MBGn.DE,2014-03-25,Consumer Cyclicals
5329.0,0.49972909688949585,1.0,MBGn.DE,2014-03-26,Consumer Cyclicals
5330.0,0.5010147094726562,0.0,MBGn.DE,2014-03-27,Consumer Cyclicals
5331.0,0.5015483498573303,1.0,MBGn.DE,2014-03-28,Consumer Cyclicals
5332.0,0.5016422271728516,0.0,MBGn.DE,2014-03-31,Consumer Cyclicals
5333.0,0.5016751885414124,1.0,MBGn.DE,2014-04-01,Consumer Cyclicals
5334.0,0.5004954934120178,0.0,MBGn.DE,2014-04-02,Consumer Cyclicals
5335.0,0.5010393261909485,1.0,MBGn.DE,2014-04-03,Consumer Cyclicals
5336.0,0.50352942943573,1.0,MBGn.DE,2014-04-04,Consumer Cyclicals
5337.0,0.503804087638855,1.0,MBGn.DE,2014-04-07,Consumer Cyclicals
5338.0,0.5056215524673462,1.0,MBGn.DE,2014-04-08,Consumer Cyclicals
5339.0,0.5051651000976562,1.0,MBGn.DE,2014-04-09,Consumer Cyclicals
5340.0,0.5047749876976013,0.0,MBGn.DE,2014-04-10,Consumer Cyclicals
5341.0,0.5041285753250122,1.0,MBGn.DE,2014-04-11,Consumer Cyclicals
5342.0,0.504848301410675,0.0,MBGn.DE,2014-04-14,Consumer Cyclicals
5343.0,0.5031962394714355,0.0,MBGn.DE,2014-04-15,Consumer Cyclicals
5344.0,0.50213223695755,1.0,MBGn.DE,2014-04-16,Consumer Cyclicals
5345.0,0.5019927620887756,1.0,MBGn.DE,2014-04-17,Consumer Cyclicals
5346.0,0.5009042024612427,1.0,MBGn.DE,2014-04-22,Consumer Cyclicals
5347.0,0.4994717836380005,0.0,MBGn.DE,2014-04-23,Consumer Cyclicals
5348.0,0.4990270137786865,0.0,MBGn.DE,2014-04-24,Consumer Cyclicals
5349.0,0.4978169798851013,0.0,MBGn.DE,2014-04-25,Consumer Cyclicals
5350.0,0.49865448474884033,1.0,MBGn.DE,2014-04-28,Consumer Cyclicals
5351.0,0.5016267895698547,0.0,MBGn.DE,2014-04-29,Consumer Cyclicals
5352.0,0.5050638914108276,0.0,MBGn.DE,2014-04-30,Consumer Cyclicals
5353.0,0.5081246495246887,0.0,MBGn.DE,2014-05-02,Consumer Cyclicals
5354.0,0.5096591114997864,0.0,MBGn.DE,2014-05-05,Consumer Cyclicals
5355.0,0.5075884461402893,0.0,MBGn.DE,2014-05-06,Consumer Cyclicals
5356.0,0.5056938529014587,0.0,MBGn.DE,2014-05-07,Consumer Cyclicals
5357.0,0.5028714537620544,0.0,MBGn.DE,2014-05-08,Consumer Cyclicals
5358.0,0.5021686553955078,0.0,MBGn.DE,2014-05-09,Consumer Cyclicals
5359.0,0.5025475025177002,1.0,MBGn.DE,2014-05-12,Consumer Cyclicals
5360.0,0.501456081867218,1.0,MBGn.DE,2014-05-13,Consumer Cyclicals
5361.0,0.5000548362731934,1.0,MBGn.DE,2014-05-14,Consumer Cyclicals
5362.0,0.4991466999053955,0.0,MBGn.DE,2014-05-15,Consumer Cyclicals
5363.0,0.4987182319164276,0.0,MBGn.DE,2014-05-16,Consumer Cyclicals
5364.0,0.4982527792453766,1.0,MBGn.DE,2014-05-19,Consumer Cyclicals
5365.0,0.4980596601963043,1.0,MBGn.DE,2014-05-20,Consumer Cyclicals
5366.0,0.4985077381134033,1.0,MBGn.DE,2014-05-21,Consumer Cyclicals
5367.0,0.49859240651130676,1.0,MBGn.DE,2014-05-22,Consumer Cyclicals
5368.0,0.4996793866157532,1.0,MBGn.DE,2014-05-23,Consumer Cyclicals
5369.0,0.5016219615936279,1.0,MBGn.DE,2014-05-26,Consumer Cyclicals
5370.0,0.5024546384811401,0.0,MBGn.DE,2014-05-27,Consumer Cyclicals
5371.0,0.5017427802085876,0.0,MBGn.DE,2014-05-28,Consumer Cyclicals
5372.0,0.500584602355957,1.0,MBGn.DE,2014-05-29,Consumer Cyclicals
5373.0,0.5010417103767395,1.0,MBGn.DE,2014-05-30,Consumer Cyclicals
5374.0,0.5016450881958008,0.0,MBGn.DE,2014-06-02,Consumer Cyclicals
5375.0,0.502493143081665,1.0,MBGn.DE,2014-06-03,Consumer Cyclicals
5376.0,0.5028930306434631,0.0,MBGn.DE,2014-06-04,Consumer Cyclicals
5377.0,0.5033508539199829,1.0,MBGn.DE,2014-06-05,Consumer Cyclicals
5378.0,0.5047935843467712,0.0,MBGn.DE,2014-06-06,Consumer Cyclicals
5379.0,0.5043941140174866,0.0,MBGn.DE,2014-06-09,Consumer Cyclicals
5380.0,0.503288984298706,0.0,MBGn.DE,2014-06-10,Consumer Cyclicals
5381.0,0.5027601718902588,1.0,MBGn.DE,2014-06-11,Consumer Cyclicals
5382.0,0.5021489262580872,0.0,MBGn.DE,2014-06-12,Consumer Cyclicals
5383.0,0.5011895298957825,0.0,MBGn.DE,2014-06-13,Consumer Cyclicals
5384.0,0.5009804368019104,1.0,MBGn.DE,2014-06-16,Consumer Cyclicals
5385.0,0.5003630518913269,1.0,MBGn.DE,2014-06-17,Consumer Cyclicals
5386.0,0.5010861754417419,1.0,MBGn.DE,2014-06-18,Consumer Cyclicals
5387.0,0.5010610818862915,1.0,MBGn.DE,2014-06-19,Consumer Cyclicals
5388.0,0.5007015466690063,1.0,MBGn.DE,2014-06-20,Consumer Cyclicals
5389.0,0.5004051923751831,0.0,MBGn.DE,2014-06-23,Consumer Cyclicals
5390.0,0.4998096823692322,0.0,MBGn.DE,2014-06-24,Consumer Cyclicals
5391.0,0.4994142949581146,1.0,MBGn.DE,2014-06-25,Consumer Cyclicals
5392.0,0.4989936053752899,0.0,MBGn.DE,2014-06-26,Consumer Cyclicals
5393.0,0.4988853931427002,0.0,MBGn.DE,2014-06-27,Consumer Cyclicals
5394.0,0.499585896730423,0.0,MBGn.DE,2014-06-30,Consumer Cyclicals
5395.0,0.499875545501709,1.0,MBGn.DE,2014-07-01,Consumer Cyclicals
5396.0,0.500477135181427,1.0,MBGn.DE,2014-07-02,Consumer Cyclicals
5397.0,0.5005928874015808,0.0,MBGn.DE,2014-07-03,Consumer Cyclicals
5398.0,0.49997201561927795,1.0,MBGn.DE,2014-07-04,Consumer Cyclicals
5399.0,0.4993576407432556,0.0,MBGn.DE,2014-07-07,Consumer Cyclicals
5400.0,0.49892687797546387,0.0,MBGn.DE,2014-07-08,Consumer Cyclicals
5401.0,0.49844250082969666,0.0,MBGn.DE,2014-07-09,Consumer Cyclicals
5402.0,0.49866142868995667,0.0,MBGn.DE,2014-07-10,Consumer Cyclicals
5403.0,0.4990426301956177,0.0,MBGn.DE,2014-07-11,Consumer Cyclicals
5404.0,0.5001801252365112,1.0,MBGn.DE,2014-07-14,Consumer Cyclicals
5405.0,0.5011568069458008,1.0,MBGn.DE,2014-07-15,Consumer Cyclicals
5406.0,0.5021345019340515,0.0,MBGn.DE,2014-07-16,Consumer Cyclicals
5407.0,0.5021445155143738,0.0,MBGn.DE,2014-07-17,Consumer Cyclicals
5408.0,0.5007910132408142,0.0,MBGn.DE,2014-07-18,Consumer Cyclicals
5409.0,0.4992629587650299,1.0,MBGn.DE,2014-07-21,Consumer Cyclicals
5410.0,0.4987958073616028,1.0,MBGn.DE,2014-07-22,Consumer Cyclicals
5411.0,0.49800416827201843,0.0,MBGn.DE,2014-07-23,Consumer Cyclicals
5412.0,0.4976668059825897,1.0,MBGn.DE,2014-07-24,Consumer Cyclicals
5413.0,0.4988304376602173,0.0,MBGn.DE,2014-07-25,Consumer Cyclicals
5414.0,0.4992487132549286,0.0,MBGn.DE,2014-07-28,Consumer Cyclicals
5415.0,0.500085175037384,1.0,MBGn.DE,2014-07-29,Consumer Cyclicals
5416.0,0.4994601607322693,0.0,MBGn.DE,2014-07-30,Consumer Cyclicals
5417.0,0.4984573721885681,0.0,MBGn.DE,2014-07-31,Consumer Cyclicals
5418.0,0.49787482619285583,1.0,MBGn.DE,2014-08-01,Consumer Cyclicals
5419.0,0.49933210015296936,1.0,MBGn.DE,2014-08-04,Consumer Cyclicals
5420.0,0.4996858835220337,0.0,MBGn.DE,2014-08-05,Consumer Cyclicals
5421.0,0.5007721781730652,0.0,MBGn.DE,2014-08-06,Consumer Cyclicals
5422.0,0.5002055168151855,0.0,MBGn.DE,2014-08-07,Consumer Cyclicals
5423.0,0.49872875213623047,1.0,MBGn.DE,2014-08-08,Consumer Cyclicals
5424.0,0.499105304479599,1.0,MBGn.DE,2014-08-11,Consumer Cyclicals
5425.0,0.49896955490112305,0.0,MBGn.DE,2014-08-12,Consumer Cyclicals
5426.0,0.49835652112960815,1.0,MBGn.DE,2014-08-13,Consumer Cyclicals
5427.0,0.49772095680236816,1.0,MBGn.DE,2014-08-14,Consumer Cyclicals
5428.0,0.49816977977752686,0.0,MBGn.DE,2014-08-15,Consumer Cyclicals
5429.0,0.49822065234184265,1.0,MBGn.DE,2014-08-18,Consumer Cyclicals
5430.0,0.4981363117694855,1.0,MBGn.DE,2014-08-19,Consumer Cyclicals
5431.0,0.49781718850135803,0.0,MBGn.DE,2014-08-20,Consumer Cyclicals
5432.0,0.4984399974346161,1.0,MBGn.DE,2014-08-21,Consumer Cyclicals
5433.0,0.50087970495224,0.0,MBGn.DE,2014-08-22,Consumer Cyclicals
5434.0,0.5010138750076294,1.0,MBGn.DE,2014-08-25,Consumer Cyclicals
5435.0,0.5021490454673767,1.0,MBGn.DE,2014-08-26,Consumer Cyclicals
5436.0,0.5029581785202026,0.0,MBGn.DE,2014-08-27,Consumer Cyclicals
5437.0,0.501686155796051,0.0,MBGn.DE,2014-08-28,Consumer Cyclicals
5438.0,0.5028032660484314,1.0,MBGn.DE,2014-08-29,Consumer Cyclicals
5439.0,0.5037479400634766,0.0,MBGn.DE,2014-09-01,Consumer Cyclicals
5440.0,0.5034027099609375,0.0,MBGn.DE,2014-09-02,Consumer Cyclicals
5441.0,0.5040697455406189,1.0,MBGn.DE,2014-09-03,Consumer Cyclicals
5442.0,0.5032028555870056,1.0,MBGn.DE,2014-09-04,Consumer Cyclicals
5443.0,0.5041477084159851,1.0,MBGn.DE,2014-09-05,Consumer Cyclicals
5444.0,0.5046720504760742,0.0,MBGn.DE,2014-09-08,Consumer Cyclicals
5445.0,0.5038235783576965,0.0,MBGn.DE,2014-09-09,Consumer Cyclicals
5446.0,0.5020514130592346,0.0,MBGn.DE,2014-09-10,Consumer Cyclicals
5447.0,0.5012486577033997,0.0,MBGn.DE,2014-09-11,Consumer Cyclicals
5448.0,0.5004922151565552,1.0,MBGn.DE,2014-09-12,Consumer Cyclicals
5449.0,0.5001386404037476,1.0,MBGn.DE,2014-09-15,Consumer Cyclicals
5450.0,0.5013163685798645,1.0,MBGn.DE,2014-09-16,Consumer Cyclicals
5451.0,0.5031332969665527,1.0,MBGn.DE,2014-09-17,Consumer Cyclicals
5452.0,0.5045751333236694,1.0,MBGn.DE,2014-09-18,Consumer Cyclicals
5453.0,0.504063069820404,0.0,MBGn.DE,2014-09-19,Consumer Cyclicals
5454.0,0.5027555823326111,0.0,MBGn.DE,2014-09-22,Consumer Cyclicals
5455.0,0.5011162757873535,0.0,MBGn.DE,2014-09-23,Consumer Cyclicals
5456.0,0.4998806416988373,0.0,MBGn.DE,2014-09-24,Consumer Cyclicals
5457.0,0.49919137358665466,1.0,MBGn.DE,2014-09-25,Consumer Cyclicals
5458.0,0.4991743266582489,1.0,MBGn.DE,2014-09-26,Consumer Cyclicals
5459.0,0.49928152561187744,0.0,MBGn.DE,2014-09-29,Consumer Cyclicals
5460.0,0.49964553117752075,1.0,MBGn.DE,2014-09-30,Consumer Cyclicals
5461.0,0.5005968809127808,1.0,MBGn.DE,2014-10-01,Consumer Cyclicals
5462.0,0.5007449388504028,1.0,MBGn.DE,2014-10-02,Consumer Cyclicals
5463.0,0.49976494908332825,0.0,MBGn.DE,2014-10-06,Consumer Cyclicals
5464.0,0.49824023246765137,1.0,MBGn.DE,2014-10-07,Consumer Cyclicals
5465.0,0.4981813430786133,0.0,MBGn.DE,2014-10-08,Consumer Cyclicals
5466.0,0.4979320168495178,0.0,MBGn.DE,2014-10-09,Consumer Cyclicals
5467.0,0.4983721375465393,0.0,MBGn.DE,2014-10-10,Consumer Cyclicals
5468.0,0.49842825531959534,1.0,MBGn.DE,2014-10-13,Consumer Cyclicals
5469.0,0.4989444613456726,1.0,MBGn.DE,2014-10-14,Consumer Cyclicals
5470.0,0.49893566966056824,0.0,MBGn.DE,2014-10-15,Consumer Cyclicals
5471.0,0.49827441573143005,1.0,MBGn.DE,2014-10-16,Consumer Cyclicals
5472.0,0.49811071157455444,0.0,MBGn.DE,2014-10-17,Consumer Cyclicals
5473.0,0.4978741407394409,0.0,MBGn.DE,2014-10-20,Consumer Cyclicals
5474.0,0.49765464663505554,0.0,MBGn.DE,2014-10-21,Consumer Cyclicals
5475.0,0.4978514611721039,1.0,MBGn.DE,2014-10-22,Consumer Cyclicals
5476.0,0.4971264600753784,0.0,MBGn.DE,2014-10-23,Consumer Cyclicals
5477.0,0.4979286193847656,1.0,MBGn.DE,2014-10-24,Consumer Cyclicals
5478.0,0.5015361309051514,0.0,MBGn.DE,2014-10-27,Consumer Cyclicals
5479.0,0.5013111233711243,0.0,MBGn.DE,2014-10-28,Consumer Cyclicals
5480.0,0.5023951530456543,0.0,MBGn.DE,2014-10-29,Consumer Cyclicals
5481.0,0.5045827627182007,0.0,MBGn.DE,2014-10-30,Consumer Cyclicals
5482.0,0.5038623213768005,1.0,MBGn.DE,2014-10-31,Consumer Cyclicals
5483.0,0.5046239495277405,1.0,MBGn.DE,2014-11-03,Consumer Cyclicals
5484.0,0.5049993991851807,0.0,MBGn.DE,2014-11-04,Consumer Cyclicals
5485.0,0.5053955316543579,1.0,MBGn.DE,2014-11-05,Consumer Cyclicals
5486.0,0.5046631097793579,1.0,MBGn.DE,2014-11-06,Consumer Cyclicals
5487.0,0.5031525492668152,1.0,MBGn.DE,2014-11-07,Consumer Cyclicals
5488.0,0.5034562945365906,1.0,MBGn.DE,2014-11-10,Consumer Cyclicals
5489.0,0.5033125877380371,0.0,MBGn.DE,2014-11-11,Consumer Cyclicals
5490.0,0.503034234046936,0.0,MBGn.DE,2014-11-12,Consumer Cyclicals
5491.0,0.5044538378715515,0.0,MBGn.DE,2014-11-13,Consumer Cyclicals
5492.0,0.5039770603179932,0.0,MBGn.DE,2014-11-14,Consumer Cyclicals
5493.0,0.5026520490646362,0.0,MBGn.DE,2014-11-17,Consumer Cyclicals
5494.0,0.5035214424133301,1.0,MBGn.DE,2014-11-18,Consumer Cyclicals
5495.0,0.5038673281669617,1.0,MBGn.DE,2014-11-19,Consumer Cyclicals
5496.0,0.5027772784233093,1.0,MBGn.DE,2014-11-20,Consumer Cyclicals
5497.0,0.502587616443634,1.0,MBGn.DE,2014-11-21,Consumer Cyclicals
5498.0,0.501664400100708,1.0,MBGn.DE,2014-11-24,Consumer Cyclicals
5499.0,0.4999159276485443,1.0,MBGn.DE,2014-11-25,Consumer Cyclicals
5500.0,0.5004767775535583,0.0,MRCG.DE,2013-11-28,Healthcare
5501.0,0.5011159181594849,0.0,MRCG.DE,2013-11-29,Healthcare
5502.0,0.5007498264312744,0.0,MRCG.DE,2013-12-02,Healthcare
5503.0,0.5009142756462097,1.0,MRCG.DE,2013-12-03,Healthcare
5504.0,0.5014333724975586,1.0,MRCG.DE,2013-12-04,Healthcare
5505.0,0.501504123210907,1.0,MRCG.DE,2013-12-05,Healthcare
5506.0,0.5013710856437683,0.0,MRCG.DE,2013-12-06,Healthcare
5507.0,0.49933478236198425,0.0,MRCG.DE,2013-12-09,Healthcare
5508.0,0.4984593689441681,0.0,MRCG.DE,2013-12-10,Healthcare
5509.0,0.5022152662277222,0.0,MRCG.DE,2013-12-11,Healthcare
5510.0,0.5021906495094299,1.0,MRCG.DE,2013-12-12,Healthcare
5511.0,0.5018645524978638,1.0,MRCG.DE,2013-12-13,Healthcare
5512.0,0.500569760799408,0.0,MRCG.DE,2013-12-16,Healthcare
5513.0,0.49963873624801636,1.0,MRCG.DE,2013-12-17,Healthcare
5514.0,0.49933794140815735,1.0,MRCG.DE,2013-12-18,Healthcare
5515.0,0.4993915557861328,1.0,MRCG.DE,2013-12-19,Healthcare
5516.0,0.500472366809845,0.0,MRCG.DE,2013-12-20,Healthcare
5517.0,0.5006005167961121,1.0,MRCG.DE,2013-12-23,Healthcare
5518.0,0.5012887120246887,0.0,MRCG.DE,2013-12-27,Healthcare
5519.0,0.5028624534606934,1.0,MRCG.DE,2013-12-30,Healthcare
5520.0,0.5035054683685303,1.0,MRCG.DE,2014-01-02,Healthcare
5521.0,0.5039898753166199,1.0,MRCG.DE,2014-01-03,Healthcare
5522.0,0.5043007135391235,1.0,MRCG.DE,2014-01-06,Healthcare
5523.0,0.50447016954422,0.0,MRCG.DE,2014-01-07,Healthcare
5524.0,0.5045305490493774,1.0,MRCG.DE,2014-01-08,Healthcare
5525.0,0.5037993788719177,0.0,MRCG.DE,2014-01-09,Healthcare
5526.0,0.5031572580337524,0.0,MRCG.DE,2014-01-10,Healthcare
5527.0,0.5026137828826904,0.0,MRCG.DE,2014-01-13,Healthcare
5528.0,0.5021762251853943,1.0,MRCG.DE,2014-01-14,Healthcare
5529.0,0.5009824633598328,0.0,MRCG.DE,2014-01-15,Healthcare
5530.0,0.5012632012367249,0.0,MRCG.DE,2014-01-16,Healthcare
5531.0,0.5014560222625732,0.0,MRCG.DE,2014-01-17,Healthcare
5532.0,0.501336395740509,1.0,MRCG.DE,2014-01-20,Healthcare
5533.0,0.501336932182312,1.0,MRCG.DE,2014-01-21,Healthcare
5534.0,0.500311553478241,1.0,MRCG.DE,2014-01-22,Healthcare
5535.0,0.49985218048095703,1.0,MRCG.DE,2014-01-23,Healthcare
5536.0,0.4993399977684021,1.0,MRCG.DE,2014-01-24,Healthcare
5537.0,0.49968308210372925,0.0,MRCG.DE,2014-01-27,Healthcare
5538.0,0.5006797909736633,0.0,MRCG.DE,2014-01-28,Healthcare
5539.0,0.500639796257019,0.0,MRCG.DE,2014-01-29,Healthcare
5540.0,0.500170111656189,0.0,MRCG.DE,2014-01-30,Healthcare
5541.0,0.500249445438385,0.0,MRCG.DE,2014-01-31,Healthcare
5542.0,0.500787615776062,1.0,MRCG.DE,2014-02-03,Healthcare
5543.0,0.5022674798965454,0.0,MRCG.DE,2014-02-04,Healthcare
5544.0,0.5020803809165955,0.0,MRCG.DE,2014-02-05,Healthcare
5545.0,0.5006937384605408,1.0,MRCG.DE,2014-02-06,Healthcare
5546.0,0.5003130435943604,1.0,MRCG.DE,2014-02-07,Healthcare
5547.0,0.49840307235717773,1.0,MRCG.DE,2014-02-10,Healthcare
5548.0,0.4978632926940918,0.0,MRCG.DE,2014-02-11,Healthcare
5549.0,0.49777862429618835,1.0,MRCG.DE,2014-02-12,Healthcare
5550.0,0.4979524314403534,0.0,MRCG.DE,2014-02-13,Healthcare
5551.0,0.49907341599464417,1.0,MRCG.DE,2014-02-14,Healthcare
5552.0,0.499266117811203,0.0,MRCG.DE,2014-02-17,Healthcare
5553.0,0.49946457147598267,1.0,MRCG.DE,2014-02-18,Healthcare
5554.0,0.5014966130256653,1.0,MRCG.DE,2014-02-19,Healthcare
5555.0,0.5027969479560852,1.0,MRCG.DE,2014-02-20,Healthcare
5556.0,0.5038138031959534,0.0,MRCG.DE,2014-02-21,Healthcare
5557.0,0.5049057602882385,1.0,MRCG.DE,2014-02-24,Healthcare
5558.0,0.5056895613670349,1.0,MRCG.DE,2014-02-25,Healthcare
5559.0,0.5053086876869202,0.0,MRCG.DE,2014-02-26,Healthcare
5560.0,0.5053871273994446,1.0,MRCG.DE,2014-02-27,Healthcare
5561.0,0.5042679905891418,1.0,MRCG.DE,2014-02-28,Healthcare
5562.0,0.50348961353302,0.0,MRCG.DE,2014-03-03,Healthcare
5563.0,0.503304660320282,1.0,MRCG.DE,2014-03-04,Healthcare
5564.0,0.5030009746551514,0.0,MRCG.DE,2014-03-05,Healthcare
5565.0,0.5026837587356567,0.0,MRCG.DE,2014-03-06,Healthcare
5566.0,0.5031463503837585,1.0,MRCG.DE,2014-03-07,Healthcare
5567.0,0.5032094120979309,1.0,MRCG.DE,2014-03-10,Healthcare
5568.0,0.5024111270904541,0.0,MRCG.DE,2014-03-11,Healthcare
5569.0,0.5001639127731323,0.0,MRCG.DE,2014-03-12,Healthcare
5570.0,0.5013814568519592,1.0,MRCG.DE,2014-03-13,Healthcare
5571.0,0.5012835264205933,1.0,MRCG.DE,2014-03-14,Healthcare
5572.0,0.4996364712715149,0.0,MRCG.DE,2014-03-17,Healthcare
5573.0,0.4986671805381775,1.0,MRCG.DE,2014-03-18,Healthcare
5574.0,0.4984910786151886,1.0,MRCG.DE,2014-03-19,Healthcare
5575.0,0.49890491366386414,1.0,MRCG.DE,2014-03-20,Healthcare
5576.0,0.4986242949962616,0.0,MRCG.DE,2014-03-21,Healthcare
5577.0,0.49828898906707764,1.0,MRCG.DE,2014-03-24,Healthcare
5578.0,0.4990392029285431,1.0,MRCG.DE,2014-03-25,Healthcare
5579.0,0.49952200055122375,1.0,MRCG.DE,2014-03-26,Healthcare
5580.0,0.5013962388038635,0.0,MRCG.DE,2014-03-27,Healthcare
5581.0,0.5029482841491699,0.0,MRCG.DE,2014-03-28,Healthcare
5582.0,0.5040260553359985,0.0,MRCG.DE,2014-03-31,Healthcare
5583.0,0.5033741593360901,0.0,MRCG.DE,2014-04-01,Healthcare
5584.0,0.50223308801651,0.0,MRCG.DE,2014-04-02,Healthcare
5585.0,0.5029622912406921,1.0,MRCG.DE,2014-04-03,Healthcare
5586.0,0.5038235783576965,0.0,MRCG.DE,2014-04-04,Healthcare
5587.0,0.5034322142601013,1.0,MRCG.DE,2014-04-07,Healthcare
5588.0,0.5034092664718628,0.0,MRCG.DE,2014-04-08,Healthcare
5589.0,0.5025745034217834,0.0,MRCG.DE,2014-04-09,Healthcare
5590.0,0.5002903342247009,0.0,MRCG.DE,2014-04-10,Healthcare
5591.0,0.5004777312278748,0.0,MRCG.DE,2014-04-11,Healthcare
5592.0,0.5004358291625977,1.0,MRCG.DE,2014-04-14,Healthcare
5593.0,0.49984899163246155,0.0,MRCG.DE,2014-04-15,Healthcare
5594.0,0.4988407492637634,0.0,MRCG.DE,2014-04-16,Healthcare
5595.0,0.49805185198783875,0.0,MRCG.DE,2014-04-17,Healthcare
5596.0,0.49775195121765137,1.0,MRCG.DE,2014-04-22,Healthcare
5597.0,0.4970913231372833,1.0,MRCG.DE,2014-04-23,Healthcare
5598.0,0.49841246008872986,1.0,MRCG.DE,2014-04-24,Healthcare
5599.0,0.4981202781200409,1.0,MRCG.DE,2014-04-25,Healthcare
5600.0,0.4990382492542267,1.0,MRCG.DE,2014-04-28,Healthcare
5601.0,0.5000019669532776,0.0,MRCG.DE,2014-04-29,Healthcare
5602.0,0.5008366703987122,1.0,MRCG.DE,2014-04-30,Healthcare
5603.0,0.5014947652816772,0.0,MRCG.DE,2014-05-02,Healthcare
5604.0,0.5047889351844788,1.0,MRCG.DE,2014-05-05,Healthcare
5605.0,0.5053375363349915,0.0,MRCG.DE,2014-05-06,Healthcare
5606.0,0.5049558281898499,1.0,MRCG.DE,2014-05-07,Healthcare
5607.0,0.5039263963699341,1.0,MRCG.DE,2014-05-08,Healthcare
5608.0,0.5034773349761963,1.0,MRCG.DE,2014-05-09,Healthcare
5609.0,0.5037268400192261,0.0,MRCG.DE,2014-05-12,Healthcare
5610.0,0.5034533739089966,1.0,MRCG.DE,2014-05-13,Healthcare
5611.0,0.5030430555343628,0.0,MRCG.DE,2014-05-14,Healthcare
5612.0,0.5014669299125671,1.0,MRCG.DE,2014-05-15,Healthcare
5613.0,0.5013260841369629,1.0,MRCG.DE,2014-05-16,Healthcare
5614.0,0.5007333159446716,0.0,MRCG.DE,2014-05-19,Healthcare
5615.0,0.5006729364395142,0.0,MRCG.DE,2014-05-20,Healthcare
5616.0,0.5014733672142029,0.0,MRCG.DE,2014-05-21,Healthcare
5617.0,0.5018613338470459,1.0,MRCG.DE,2014-05-22,Healthcare
5618.0,0.5023749470710754,0.0,MRCG.DE,2014-05-23,Healthcare
5619.0,0.5034508109092712,0.0,MRCG.DE,2014-05-26,Healthcare
5620.0,0.5030204057693481,0.0,MRCG.DE,2014-05-27,Healthcare
5621.0,0.5022459626197815,0.0,MRCG.DE,2014-05-28,Healthcare
5622.0,0.5030038356781006,1.0,MRCG.DE,2014-05-29,Healthcare
5623.0,0.5029246211051941,0.0,MRCG.DE,2014-05-30,Healthcare
5624.0,0.5014549493789673,1.0,MRCG.DE,2014-06-02,Healthcare
5625.0,0.5008313655853271,0.0,MRCG.DE,2014-06-03,Healthcare
5626.0,0.5009446144104004,1.0,MRCG.DE,2014-06-04,Healthcare
5627.0,0.5007978677749634,0.0,MRCG.DE,2014-06-05,Healthcare
5628.0,0.5012087821960449,0.0,MRCG.DE,2014-06-06,Healthcare
5629.0,0.5014275312423706,1.0,MRCG.DE,2014-06-09,Healthcare
5630.0,0.5010941624641418,1.0,MRCG.DE,2014-06-10,Healthcare
5631.0,0.5008866190910339,1.0,MRCG.DE,2014-06-11,Healthcare
5632.0,0.5001183152198792,1.0,MRCG.DE,2014-06-12,Healthcare
5633.0,0.5001674890518188,0.0,MRCG.DE,2014-06-13,Healthcare
5634.0,0.4996117353439331,1.0,MRCG.DE,2014-06-16,Healthcare
5635.0,0.4999324381351471,0.0,MRCG.DE,2014-06-17,Healthcare
5636.0,0.4999929666519165,0.0,MRCG.DE,2014-06-18,Healthcare
5637.0,0.4997400641441345,0.0,MRCG.DE,2014-06-19,Healthcare
5638.0,0.5002145171165466,1.0,MRCG.DE,2014-06-20,Healthcare
5639.0,0.5012773871421814,0.0,MRCG.DE,2014-06-23,Healthcare
5640.0,0.5013524889945984,0.0,MRCG.DE,2014-06-24,Healthcare
5641.0,0.5013225674629211,1.0,MRCG.DE,2014-06-25,Healthcare
5642.0,0.5003931522369385,1.0,MRCG.DE,2014-06-26,Healthcare
5643.0,0.5004344582557678,1.0,MRCG.DE,2014-06-27,Healthcare
5644.0,0.500489354133606,0.0,MRCG.DE,2014-06-30,Healthcare
5645.0,0.5003010630607605,1.0,MRCG.DE,2014-07-01,Healthcare
5646.0,0.5002861022949219,1.0,MRCG.DE,2014-07-02,Healthcare
5647.0,0.5008179545402527,0.0,MRCG.DE,2014-07-03,Healthcare
5648.0,0.49996358156204224,1.0,MRCG.DE,2014-07-04,Healthcare
5649.0,0.49958112835884094,1.0,MRCG.DE,2014-07-07,Healthcare
5650.0,0.4994162619113922,1.0,MRCG.DE,2014-07-08,Healthcare
5651.0,0.49953362345695496,0.0,MRCG.DE,2014-07-09,Healthcare
5652.0,0.5002136826515198,1.0,MRCG.DE,2014-07-10,Healthcare
5653.0,0.49970781803131104,1.0,MRCG.DE,2014-07-11,Healthcare
5654.0,0.5004377365112305,1.0,MRCG.DE,2014-07-14,Healthcare
5655.0,0.5013217926025391,1.0,MRCG.DE,2014-07-15,Healthcare
5656.0,0.502083420753479,0.0,MRCG.DE,2014-07-16,Healthcare
5657.0,0.5019204020500183,1.0,MRCG.DE,2014-07-17,Healthcare
5658.0,0.5013086199760437,0.0,MRCG.DE,2014-07-18,Healthcare
5659.0,0.5001974105834961,1.0,MRCG.DE,2014-07-21,Healthcare
5660.0,0.49973976612091064,0.0,MRCG.DE,2014-07-22,Healthcare
5661.0,0.4991724491119385,1.0,MRCG.DE,2014-07-23,Healthcare
5662.0,0.49941110610961914,1.0,MRCG.DE,2014-07-24,Healthcare
5663.0,0.500485360622406,0.0,MRCG.DE,2014-07-25,Healthcare
5664.0,0.5007591247558594,1.0,MRCG.DE,2014-07-28,Healthcare
5665.0,0.5005424618721008,0.0,MRCG.DE,2014-07-29,Healthcare
5666.0,0.5010014176368713,1.0,MRCG.DE,2014-07-30,Healthcare
5667.0,0.5001165270805359,1.0,MRCG.DE,2014-07-31,Healthcare
5668.0,0.4992500841617584,0.0,MRCG.DE,2014-08-01,Healthcare
5669.0,0.49931955337524414,1.0,MRCG.DE,2014-08-04,Healthcare
5670.0,0.5001239776611328,1.0,MRCG.DE,2014-08-05,Healthcare
5671.0,0.5018124580383301,0.0,MRCG.DE,2014-08-06,Healthcare
5672.0,0.5011571645736694,1.0,MRCG.DE,2014-08-07,Healthcare
5673.0,0.5017383694648743,0.0,MRCG.DE,2014-08-08,Healthcare
5674.0,0.5021374821662903,1.0,MRCG.DE,2014-08-11,Healthcare
5675.0,0.5029481649398804,0.0,MRCG.DE,2014-08-12,Healthcare
5676.0,0.5027889013290405,1.0,MRCG.DE,2014-08-13,Healthcare
5677.0,0.5005601048469543,1.0,MRCG.DE,2014-08-14,Healthcare
5678.0,0.4994078576564789,0.0,MRCG.DE,2014-08-15,Healthcare
5679.0,0.500130295753479,1.0,MRCG.DE,2014-08-18,Healthcare
5680.0,0.4998028576374054,0.0,MRCG.DE,2014-08-19,Healthcare
5681.0,0.49923521280288696,1.0,MRCG.DE,2014-08-20,Healthcare
5682.0,0.49848291277885437,0.0,MRCG.DE,2014-08-21,Healthcare
5683.0,0.4997783303260803,1.0,MRCG.DE,2014-08-22,Healthcare
5684.0,0.49960604310035706,1.0,MRCG.DE,2014-08-25,Healthcare
5685.0,0.5020397305488586,1.0,MRCG.DE,2014-08-26,Healthcare
5686.0,0.5034334063529968,1.0,MRCG.DE,2014-08-27,Healthcare
5687.0,0.5020795464515686,1.0,MRCG.DE,2014-08-28,Healthcare
5688.0,0.5025510787963867,1.0,MRCG.DE,2014-08-29,Healthcare
5689.0,0.5030400156974792,1.0,MRCG.DE,2014-09-01,Healthcare
5690.0,0.5028514266014099,0.0,MRCG.DE,2014-09-02,Healthcare
5691.0,0.5027759671211243,0.0,MRCG.DE,2014-09-03,Healthcare
5692.0,0.5023146867752075,0.0,MRCG.DE,2014-09-04,Healthcare
5693.0,0.5037800073623657,0.0,MRCG.DE,2014-09-05,Healthcare
5694.0,0.5044997334480286,1.0,MRCG.DE,2014-09-08,Healthcare
5695.0,0.5041794776916504,1.0,MRCG.DE,2014-09-09,Healthcare
5696.0,0.503402829170227,1.0,MRCG.DE,2014-09-10,Healthcare
5697.0,0.5029160976409912,1.0,MRCG.DE,2014-09-11,Healthcare
5698.0,0.5025917291641235,0.0,MRCG.DE,2014-09-12,Healthcare
5699.0,0.502162516117096,1.0,MRCG.DE,2014-09-15,Healthcare
5700.0,0.5022259950637817,0.0,MRCG.DE,2014-09-16,Healthcare
5701.0,0.5019518733024597,1.0,MRCG.DE,2014-09-17,Healthcare
5702.0,0.5014670491218567,1.0,MRCG.DE,2014-09-18,Healthcare
5703.0,0.5016298294067383,1.0,MRCG.DE,2014-09-19,Healthcare
5704.0,0.5019571185112,1.0,MRCG.DE,2014-09-22,Healthcare
5705.0,0.5017120242118835,1.0,MRCG.DE,2014-09-23,Healthcare
5706.0,0.501582682132721,1.0,MRCG.DE,2014-09-24,Healthcare
5707.0,0.5007768273353577,0.0,MRCG.DE,2014-09-25,Healthcare
5708.0,0.500341534614563,1.0,MRCG.DE,2014-09-26,Healthcare
5709.0,0.4997657537460327,0.0,MRCG.DE,2014-09-29,Healthcare
5710.0,0.4999952018260956,1.0,MRCG.DE,2014-09-30,Healthcare
5711.0,0.5009301900863647,1.0,MRCG.DE,2014-10-01,Healthcare
5712.0,0.5023529529571533,0.0,MRCG.DE,2014-10-02,Healthcare
5713.0,0.50623619556427,1.0,MRCG.DE,2014-10-06,Healthcare
5714.0,0.5069077014923096,0.0,MRCG.DE,2014-10-07,Healthcare
5715.0,0.5068041682243347,1.0,MRCG.DE,2014-10-08,Healthcare
5716.0,0.5043954849243164,1.0,MRCG.DE,2014-10-09,Healthcare
5717.0,0.5033373236656189,1.0,MRCG.DE,2014-10-10,Healthcare
5718.0,0.501460611820221,0.0,MRCG.DE,2014-10-13,Healthcare
5719.0,0.5011850595474243,1.0,MRCG.DE,2014-10-14,Healthcare
5720.0,0.5016933679580688,1.0,MRCG.DE,2014-10-15,Healthcare
5721.0,0.4999813139438629,0.0,MRCG.DE,2014-10-16,Healthcare
5722.0,0.4999408423900604,1.0,MRCG.DE,2014-10-17,Healthcare
5723.0,0.49922654032707214,0.0,MRCG.DE,2014-10-20,Healthcare
5724.0,0.499184787273407,0.0,MRCG.DE,2014-10-21,Healthcare
5725.0,0.49939417839050293,1.0,MRCG.DE,2014-10-22,Healthcare
5726.0,0.498630553483963,1.0,MRCG.DE,2014-10-23,Healthcare
5727.0,0.497785359621048,1.0,MRCG.DE,2014-10-24,Healthcare
5728.0,0.49779513478279114,0.0,MRCG.DE,2014-10-27,Healthcare
5729.0,0.4972774386405945,0.0,MRCG.DE,2014-10-28,Healthcare
5730.0,0.4969724416732788,1.0,MRCG.DE,2014-10-29,Healthcare
5731.0,0.49959796667099,1.0,MRCG.DE,2014-10-30,Healthcare
5732.0,0.5000832676887512,0.0,MRCG.DE,2014-10-31,Healthcare
5733.0,0.5014774799346924,1.0,MRCG.DE,2014-11-03,Healthcare
5734.0,0.504037618637085,1.0,MRCG.DE,2014-11-04,Healthcare
5735.0,0.5055065155029297,0.0,MRCG.DE,2014-11-05,Healthcare
5736.0,0.5050123333930969,0.0,MRCG.DE,2014-11-06,Healthcare
5737.0,0.503390908241272,0.0,MRCG.DE,2014-11-07,Healthcare
5738.0,0.5028667449951172,1.0,MRCG.DE,2014-11-10,Healthcare
5739.0,0.5033495426177979,1.0,MRCG.DE,2014-11-11,Healthcare
5740.0,0.5036523938179016,1.0,MRCG.DE,2014-11-12,Healthcare
5741.0,0.5037356615066528,1.0,MRCG.DE,2014-11-13,Healthcare
5742.0,0.5029231905937195,0.0,MRCG.DE,2014-11-14,Healthcare
5743.0,0.5021580457687378,1.0,MRCG.DE,2014-11-17,Healthcare
5744.0,0.5022578835487366,1.0,MRCG.DE,2014-11-18,Healthcare
5745.0,0.5019427537918091,0.0,MRCG.DE,2014-11-19,Healthcare
5746.0,0.5007004141807556,1.0,MRCG.DE,2014-11-20,Healthcare
5747.0,0.5009432435035706,0.0,MRCG.DE,2014-11-21,Healthcare
5748.0,0.5010700225830078,1.0,MRCG.DE,2014-11-24,Healthcare
5749.0,0.5005778074264526,0.0,MRCG.DE,2014-11-25,Healthcare
5750.0,0.5006434321403503,1.0,MUVGn.DE,2013-11-28,Financials
5751.0,0.5010127425193787,1.0,MUVGn.DE,2013-11-29,Financials
5752.0,0.5009646415710449,1.0,MUVGn.DE,2013-12-02,Financials
5753.0,0.5006659030914307,1.0,MUVGn.DE,2013-12-03,Financials
5754.0,0.500673770904541,0.0,MUVGn.DE,2013-12-04,Financials
5755.0,0.5016114711761475,0.0,MUVGn.DE,2013-12-05,Financials
5756.0,0.501983106136322,0.0,MUVGn.DE,2013-12-06,Financials
5757.0,0.5006849765777588,1.0,MUVGn.DE,2013-12-09,Financials
5758.0,0.49936410784721375,1.0,MUVGn.DE,2013-12-10,Financials
5759.0,0.4985026717185974,0.0,MUVGn.DE,2013-12-11,Financials
5760.0,0.49861833453178406,1.0,MUVGn.DE,2013-12-12,Financials
5761.0,0.4989480674266815,0.0,MUVGn.DE,2013-12-13,Financials
5762.0,0.4987967908382416,1.0,MUVGn.DE,2013-12-16,Financials
5763.0,0.49853047728538513,1.0,MUVGn.DE,2013-12-17,Financials
5764.0,0.49849268794059753,1.0,MUVGn.DE,2013-12-18,Financials
5765.0,0.49850744009017944,0.0,MUVGn.DE,2013-12-19,Financials
5766.0,0.499870628118515,0.0,MUVGn.DE,2013-12-20,Financials
5767.0,0.49997445940971375,0.0,MUVGn.DE,2013-12-23,Financials
5768.0,0.5010902285575867,1.0,MUVGn.DE,2013-12-27,Financials
5769.0,0.5020685791969299,0.0,MUVGn.DE,2013-12-30,Financials
5770.0,0.5021393895149231,0.0,MUVGn.DE,2014-01-02,Financials
5771.0,0.5017949342727661,0.0,MUVGn.DE,2014-01-03,Financials
5772.0,0.5013504028320312,1.0,MUVGn.DE,2014-01-06,Financials
5773.0,0.5009348392486572,1.0,MUVGn.DE,2014-01-07,Financials
5774.0,0.5005910992622375,0.0,MUVGn.DE,2014-01-08,Financials
5775.0,0.5012170672416687,0.0,MUVGn.DE,2014-01-09,Financials
5776.0,0.500816285610199,0.0,MUVGn.DE,2014-01-10,Financials
5777.0,0.5001329183578491,0.0,MUVGn.DE,2014-01-13,Financials
5778.0,0.4994557201862335,1.0,MUVGn.DE,2014-01-14,Financials
5779.0,0.4981124699115753,1.0,MUVGn.DE,2014-01-15,Financials
5780.0,0.4971241056919098,0.0,MUVGn.DE,2014-01-16,Financials
5781.0,0.4978766441345215,1.0,MUVGn.DE,2014-01-17,Financials
5782.0,0.4988548457622528,0.0,MUVGn.DE,2014-01-20,Financials
5783.0,0.4985745847225189,1.0,MUVGn.DE,2014-01-21,Financials
5784.0,0.4981078803539276,0.0,MUVGn.DE,2014-01-22,Financials
5785.0,0.4984024167060852,0.0,MUVGn.DE,2014-01-23,Financials
5786.0,0.498760849237442,1.0,MUVGn.DE,2014-01-24,Financials
5787.0,0.4997600018978119,1.0,MUVGn.DE,2014-01-27,Financials
5788.0,0.5019862651824951,0.0,MUVGn.DE,2014-01-28,Financials
5789.0,0.5025385022163391,1.0,MUVGn.DE,2014-01-29,Financials
5790.0,0.5028929114341736,1.0,MUVGn.DE,2014-01-30,Financials
5791.0,0.502582311630249,1.0,MUVGn.DE,2014-01-31,Financials
5792.0,0.5024124383926392,1.0,MUVGn.DE,2014-02-03,Financials
5793.0,0.5011667609214783,0.0,MUVGn.DE,2014-02-04,Financials
5794.0,0.4996967315673828,1.0,MUVGn.DE,2014-02-05,Financials
5795.0,0.49830546975135803,0.0,MUVGn.DE,2014-02-06,Financials
5796.0,0.4979693591594696,0.0,MUVGn.DE,2014-02-07,Financials
5797.0,0.4986146092414856,1.0,MUVGn.DE,2014-02-10,Financials
5798.0,0.49920979142189026,0.0,MUVGn.DE,2014-02-11,Financials
5799.0,0.5003933906555176,0.0,MUVGn.DE,2014-02-12,Financials
5800.0,0.5005950331687927,1.0,MUVGn.DE,2014-02-13,Financials
5801.0,0.5006350874900818,0.0,MUVGn.DE,2014-02-14,Financials
5802.0,0.4999261796474457,0.0,MUVGn.DE,2014-02-17,Financials
5803.0,0.5001148581504822,1.0,MUVGn.DE,2014-02-18,Financials
5804.0,0.5007140636444092,1.0,MUVGn.DE,2014-02-19,Financials
5805.0,0.500722348690033,1.0,MUVGn.DE,2014-02-20,Financials
5806.0,0.50103360414505,0.0,MUVGn.DE,2014-02-21,Financials
5807.0,0.5020869970321655,1.0,MUVGn.DE,2014-02-24,Financials
5808.0,0.5025239586830139,0.0,MUVGn.DE,2014-02-25,Financials
5809.0,0.5033192038536072,1.0,MUVGn.DE,2014-02-26,Financials
5810.0,0.5028859376907349,0.0,MUVGn.DE,2014-02-27,Financials
5811.0,0.5021761059761047,0.0,MUVGn.DE,2014-02-28,Financials
5812.0,0.5016888976097107,1.0,MUVGn.DE,2014-03-03,Financials
5813.0,0.501209020614624,0.0,MUVGn.DE,2014-03-04,Financials
5814.0,0.5006744861602783,1.0,MUVGn.DE,2014-03-05,Financials
5815.0,0.5002208352088928,0.0,MUVGn.DE,2014-03-06,Financials
5816.0,0.5005998015403748,0.0,MUVGn.DE,2014-03-07,Financials
5817.0,0.5005903840065002,1.0,MUVGn.DE,2014-03-10,Financials
5818.0,0.5005040168762207,0.0,MUVGn.DE,2014-03-11,Financials
5819.0,0.4987380802631378,1.0,MUVGn.DE,2014-03-12,Financials
5820.0,0.4994508922100067,0.0,MUVGn.DE,2014-03-13,Financials
5821.0,0.499620646238327,0.0,MUVGn.DE,2014-03-14,Financials
5822.0,0.49970921874046326,0.0,MUVGn.DE,2014-03-17,Financials
5823.0,0.49893394112586975,0.0,MUVGn.DE,2014-03-18,Financials
5824.0,0.4984901547431946,0.0,MUVGn.DE,2014-03-19,Financials
5825.0,0.49882999062538147,1.0,MUVGn.DE,2014-03-20,Financials
5826.0,0.49888959527015686,1.0,MUVGn.DE,2014-03-21,Financials
5827.0,0.49823376536369324,1.0,MUVGn.DE,2014-03-24,Financials
5828.0,0.49792784452438354,0.0,MUVGn.DE,2014-03-25,Financials
5829.0,0.49869805574417114,1.0,MUVGn.DE,2014-03-26,Financials
5830.0,0.4996052086353302,1.0,MUVGn.DE,2014-03-27,Financials
5831.0,0.5001962780952454,0.0,MUVGn.DE,2014-03-28,Financials
5832.0,0.5014572143554688,0.0,MUVGn.DE,2014-03-31,Financials
5833.0,0.5027722120285034,0.0,MUVGn.DE,2014-04-01,Financials
5834.0,0.5022727847099304,1.0,MUVGn.DE,2014-04-02,Financials
5835.0,0.5030491948127747,0.0,MUVGn.DE,2014-04-03,Financials
5836.0,0.5038828253746033,1.0,MUVGn.DE,2014-04-04,Financials
5837.0,0.5039501786231995,1.0,MUVGn.DE,2014-04-07,Financials
5838.0,0.5038399696350098,1.0,MUVGn.DE,2014-04-08,Financials
5839.0,0.5029759407043457,1.0,MUVGn.DE,2014-04-09,Financials
5840.0,0.5017749667167664,1.0,MUVGn.DE,2014-04-10,Financials
5841.0,0.501135528087616,1.0,MUVGn.DE,2014-04-11,Financials
5842.0,0.5014091730117798,1.0,MUVGn.DE,2014-04-14,Financials
5843.0,0.5007065534591675,1.0,MUVGn.DE,2014-04-15,Financials
5844.0,0.5003599524497986,0.0,MUVGn.DE,2014-04-16,Financials
5845.0,0.5006460547447205,1.0,MUVGn.DE,2014-04-17,Financials
5846.0,0.5006496906280518,1.0,MUVGn.DE,2014-04-22,Financials
5847.0,0.5001791715621948,0.0,MUVGn.DE,2014-04-23,Financials
5848.0,0.5003422498703003,0.0,MUVGn.DE,2014-04-24,Financials
5849.0,0.4997631907463074,1.0,MUVGn.DE,2014-04-25,Financials
5850.0,0.5001722574234009,1.0,MUVGn.DE,2014-04-28,Financials
5851.0,0.5027036666870117,1.0,MUVGn.DE,2014-04-29,Financials
5852.0,0.5056422352790833,0.0,MUVGn.DE,2014-04-30,Financials
5853.0,0.508237361907959,0.0,MUVGn.DE,2014-05-02,Financials
5854.0,0.5092136263847351,0.0,MUVGn.DE,2014-05-05,Financials
5855.0,0.5072317123413086,0.0,MUVGn.DE,2014-05-06,Financials
5856.0,0.5048680305480957,1.0,MUVGn.DE,2014-05-07,Financials
5857.0,0.5025672316551208,0.0,MUVGn.DE,2014-05-08,Financials
5858.0,0.5021172761917114,0.0,MUVGn.DE,2014-05-09,Financials
5859.0,0.5026647448539734,0.0,MUVGn.DE,2014-05-12,Financials
5860.0,0.5010467767715454,0.0,MUVGn.DE,2014-05-13,Financials
5861.0,0.49911895394325256,0.0,MUVGn.DE,2014-05-14,Financials
5862.0,0.4979753792285919,1.0,MUVGn.DE,2014-05-15,Financials
5863.0,0.49766477942466736,0.0,MUVGn.DE,2014-05-16,Financials
5864.0,0.49758854508399963,0.0,MUVGn.DE,2014-05-19,Financials
5865.0,0.49875155091285706,1.0,MUVGn.DE,2014-05-20,Financials
5866.0,0.49888190627098083,1.0,MUVGn.DE,2014-05-21,Financials
5867.0,0.4985974133014679,1.0,MUVGn.DE,2014-05-22,Financials
5868.0,0.498954713344574,1.0,MUVGn.DE,2014-05-23,Financials
5869.0,0.49934452772140503,0.0,MUVGn.DE,2014-05-26,Financials
5870.0,0.4996432662010193,1.0,MUVGn.DE,2014-05-27,Financials
5871.0,0.49948951601982117,1.0,MUVGn.DE,2014-05-28,Financials
5872.0,0.4994787275791168,1.0,MUVGn.DE,2014-05-29,Financials
5873.0,0.49939483404159546,0.0,MUVGn.DE,2014-05-30,Financials
5874.0,0.49993500113487244,0.0,MUVGn.DE,2014-06-02,Financials
5875.0,0.5012638568878174,0.0,MUVGn.DE,2014-06-03,Financials
5876.0,0.5018308162689209,0.0,MUVGn.DE,2014-06-04,Financials
5877.0,0.5020607113838196,0.0,MUVGn.DE,2014-06-05,Financials
5878.0,0.5026061534881592,0.0,MUVGn.DE,2014-06-06,Financials
5879.0,0.5029441714286804,0.0,MUVGn.DE,2014-06-09,Financials
5880.0,0.5028485655784607,1.0,MUVGn.DE,2014-06-10,Financials
5881.0,0.5025358200073242,1.0,MUVGn.DE,2014-06-11,Financials
5882.0,0.5017611980438232,0.0,MUVGn.DE,2014-06-12,Financials
5883.0,0.5009327530860901,1.0,MUVGn.DE,2014-06-13,Financials
5884.0,0.49998292326927185,0.0,MUVGn.DE,2014-06-16,Financials
5885.0,0.49957647919654846,0.0,MUVGn.DE,2014-06-17,Financials
5886.0,0.49944382905960083,1.0,MUVGn.DE,2014-06-18,Financials
5887.0,0.4995751678943634,1.0,MUVGn.DE,2014-06-19,Financials
5888.0,0.4997662603855133,0.0,MUVGn.DE,2014-06-20,Financials
5889.0,0.5002560019493103,1.0,MUVGn.DE,2014-06-23,Financials
5890.0,0.500140905380249,1.0,MUVGn.DE,2014-06-24,Financials
5891.0,0.4995609521865845,1.0,MUVGn.DE,2014-06-25,Financials
5892.0,0.4994406998157501,1.0,MUVGn.DE,2014-06-26,Financials
5893.0,0.49910005927085876,0.0,MUVGn.DE,2014-06-27,Financials
5894.0,0.4992748498916626,1.0,MUVGn.DE,2014-06-30,Financials
5895.0,0.49986064434051514,0.0,MUVGn.DE,2014-07-01,Financials
5896.0,0.5004948973655701,0.0,MUVGn.DE,2014-07-02,Financials
5897.0,0.5004174113273621,0.0,MUVGn.DE,2014-07-03,Financials
5898.0,0.5006304979324341,1.0,MUVGn.DE,2014-07-04,Financials
5899.0,0.5006502866744995,1.0,MUVGn.DE,2014-07-07,Financials
5900.0,0.5001112818717957,1.0,MUVGn.DE,2014-07-08,Financials
5901.0,0.4996700882911682,0.0,MUVGn.DE,2014-07-09,Financials
5902.0,0.4993961751461029,1.0,MUVGn.DE,2014-07-10,Financials
5903.0,0.5001890063285828,1.0,MUVGn.DE,2014-07-11,Financials
5904.0,0.500744104385376,0.0,MUVGn.DE,2014-07-14,Financials
5905.0,0.5007939338684082,1.0,MUVGn.DE,2014-07-15,Financials
5906.0,0.5015921592712402,0.0,MUVGn.DE,2014-07-16,Financials
5907.0,0.5015007853507996,1.0,MUVGn.DE,2014-07-17,Financials
5908.0,0.5005627274513245,0.0,MUVGn.DE,2014-07-18,Financials
5909.0,0.499663382768631,1.0,MUVGn.DE,2014-07-21,Financials
5910.0,0.49939340353012085,1.0,MUVGn.DE,2014-07-22,Financials
5911.0,0.49882784485816956,1.0,MUVGn.DE,2014-07-23,Financials
5912.0,0.4992324113845825,0.0,MUVGn.DE,2014-07-24,Financials
5913.0,0.5002329349517822,1.0,MUVGn.DE,2014-07-25,Financials
5914.0,0.5002462267875671,1.0,MUVGn.DE,2014-07-28,Financials
5915.0,0.5011641383171082,1.0,MUVGn.DE,2014-07-29,Financials
5916.0,0.5007703304290771,0.0,MUVGn.DE,2014-07-30,Financials
5917.0,0.5000141263008118,0.0,MUVGn.DE,2014-07-31,Financials
5918.0,0.4991658926010132,0.0,MUVGn.DE,2014-08-01,Financials
5919.0,0.5000192523002625,1.0,MUVGn.DE,2014-08-04,Financials
5920.0,0.5014786124229431,0.0,MUVGn.DE,2014-08-05,Financials
5921.0,0.5019951462745667,0.0,MUVGn.DE,2014-08-06,Financials
5922.0,0.5013546347618103,0.0,MUVGn.DE,2014-08-07,Financials
5923.0,0.5010238885879517,1.0,MUVGn.DE,2014-08-08,Financials
5924.0,0.5012724995613098,0.0,MUVGn.DE,2014-08-11,Financials
5925.0,0.5005986094474792,1.0,MUVGn.DE,2014-08-12,Financials
5926.0,0.4990631341934204,1.0,MUVGn.DE,2014-08-13,Financials
5927.0,0.49758049845695496,0.0,MUVGn.DE,2014-08-14,Financials
5928.0,0.49706488847732544,1.0,MUVGn.DE,2014-08-15,Financials
5929.0,0.49720755219459534,0.0,MUVGn.DE,2014-08-18,Financials
5930.0,0.4970649778842926,0.0,MUVGn.DE,2014-08-19,Financials
5931.0,0.4965928792953491,0.0,MUVGn.DE,2014-08-20,Financials
5932.0,0.4966687262058258,0.0,MUVGn.DE,2014-08-21,Financials
5933.0,0.4972527325153351,0.0,MUVGn.DE,2014-08-22,Financials
5934.0,0.4975563883781433,1.0,MUVGn.DE,2014-08-25,Financials
5935.0,0.49911603331565857,0.0,MUVGn.DE,2014-08-26,Financials
5936.0,0.5001808404922485,1.0,MUVGn.DE,2014-08-27,Financials
5937.0,0.5001233816146851,1.0,MUVGn.DE,2014-08-28,Financials
5938.0,0.500529408454895,1.0,MUVGn.DE,2014-08-29,Financials
5939.0,0.5008079409599304,0.0,MUVGn.DE,2014-09-01,Financials
5940.0,0.50063157081604,1.0,MUVGn.DE,2014-09-02,Financials
5941.0,0.5010867118835449,1.0,MUVGn.DE,2014-09-03,Financials
5942.0,0.5007320046424866,0.0,MUVGn.DE,2014-09-04,Financials
5943.0,0.5018595457077026,0.0,MUVGn.DE,2014-09-05,Financials
5944.0,0.5022984147071838,1.0,MUVGn.DE,2014-09-08,Financials
5945.0,0.5021871328353882,0.0,MUVGn.DE,2014-09-09,Financials
5946.0,0.5017204284667969,1.0,MUVGn.DE,2014-09-10,Financials
5947.0,0.5018847584724426,1.0,MUVGn.DE,2014-09-11,Financials
5948.0,0.5016617774963379,1.0,MUVGn.DE,2014-09-12,Financials
5949.0,0.5015937089920044,1.0,MUVGn.DE,2014-09-15,Financials
5950.0,0.5023918151855469,1.0,MUVGn.DE,2014-09-16,Financials
5951.0,0.5018062591552734,0.0,MUVGn.DE,2014-09-17,Financials
5952.0,0.5012569427490234,0.0,MUVGn.DE,2014-09-18,Financials
5953.0,0.5011550188064575,1.0,MUVGn.DE,2014-09-19,Financials
5954.0,0.5000069737434387,1.0,MUVGn.DE,2014-09-22,Financials
5955.0,0.49982956051826477,1.0,MUVGn.DE,2014-09-23,Financials
5956.0,0.500042736530304,0.0,MUVGn.DE,2014-09-24,Financials
5957.0,0.4999907910823822,1.0,MUVGn.DE,2014-09-25,Financials
5958.0,0.5001233816146851,1.0,MUVGn.DE,2014-09-26,Financials
5959.0,0.5000661015510559,1.0,MUVGn.DE,2014-09-29,Financials
5960.0,0.5000964999198914,1.0,MUVGn.DE,2014-09-30,Financials
5961.0,0.5002686381340027,1.0,MUVGn.DE,2014-10-01,Financials
5962.0,0.5014621019363403,1.0,MUVGn.DE,2014-10-02,Financials
5963.0,0.5020140409469604,0.0,MUVGn.DE,2014-10-06,Financials
5964.0,0.5008788704872131,1.0,MUVGn.DE,2014-10-07,Financials
5965.0,0.500702977180481,1.0,MUVGn.DE,2014-10-08,Financials
5966.0,0.5004778504371643,0.0,MUVGn.DE,2014-10-09,Financials
5967.0,0.5005087852478027,1.0,MUVGn.DE,2014-10-10,Financials
5968.0,0.500408411026001,1.0,MUVGn.DE,2014-10-13,Financials
5969.0,0.5007693767547607,0.0,MUVGn.DE,2014-10-14,Financials
5970.0,0.5002520680427551,1.0,MUVGn.DE,2014-10-15,Financials
5971.0,0.49899932742118835,0.0,MUVGn.DE,2014-10-16,Financials
5972.0,0.49838149547576904,0.0,MUVGn.DE,2014-10-17,Financials
5973.0,0.4979028105735779,0.0,MUVGn.DE,2014-10-20,Financials
5974.0,0.4988767206668854,0.0,MUVGn.DE,2014-10-21,Financials
5975.0,0.4990415573120117,1.0,MUVGn.DE,2014-10-22,Financials
5976.0,0.4984531104564667,1.0,MUVGn.DE,2014-10-23,Financials
5977.0,0.4987543523311615,1.0,MUVGn.DE,2014-10-24,Financials
5978.0,0.498809278011322,1.0,MUVGn.DE,2014-10-27,Financials
5979.0,0.49793553352355957,0.0,MUVGn.DE,2014-10-28,Financials
5980.0,0.497216135263443,1.0,MUVGn.DE,2014-10-29,Financials
5981.0,0.4992549419403076,1.0,MUVGn.DE,2014-10-30,Financials
5982.0,0.49933910369873047,0.0,MUVGn.DE,2014-10-31,Financials
5983.0,0.5004908442497253,0.0,MUVGn.DE,2014-11-03,Financials
5984.0,0.5018857717514038,1.0,MUVGn.DE,2014-11-04,Financials
5985.0,0.5037727355957031,1.0,MUVGn.DE,2014-11-05,Financials
5986.0,0.5039200186729431,0.0,MUVGn.DE,2014-11-06,Financials
5987.0,0.5032327175140381,1.0,MUVGn.DE,2014-11-07,Financials
5988.0,0.5038092136383057,1.0,MUVGn.DE,2014-11-10,Financials
5989.0,0.5041142702102661,1.0,MUVGn.DE,2014-11-11,Financials
5990.0,0.5039558410644531,1.0,MUVGn.DE,2014-11-12,Financials
5991.0,0.505200207233429,0.0,MUVGn.DE,2014-11-13,Financials
5992.0,0.5041319727897644,1.0,MUVGn.DE,2014-11-14,Financials
5993.0,0.5027982592582703,0.0,MUVGn.DE,2014-11-17,Financials
5994.0,0.5032246112823486,0.0,MUVGn.DE,2014-11-18,Financials
5995.0,0.5022928714752197,1.0,MUVGn.DE,2014-11-19,Financials
5996.0,0.5009303689002991,0.0,MUVGn.DE,2014-11-20,Financials
5997.0,0.5009385943412781,0.0,MUVGn.DE,2014-11-21,Financials
5998.0,0.5011516809463501,0.0,MUVGn.DE,2014-11-24,Financials
5999.0,0.5003489851951599,0.0,MUVGn.DE,2014-11-25,Financials
6000.0,0.5000607371330261,0.0,RWEG.DE,2013-11-28,Utilities
6001.0,0.5052881836891174,1.0,RWEG.DE,2013-11-29,Utilities
6002.0,0.5060037970542908,0.0,RWEG.DE,2013-12-02,Utilities
6003.0,0.5061068534851074,0.0,RWEG.DE,2013-12-03,Utilities
6004.0,0.5079990029335022,1.0,RWEG.DE,2013-12-04,Utilities
6005.0,0.5037969946861267,0.0,RWEG.DE,2013-12-05,Utilities
6006.0,0.5033354163169861,0.0,RWEG.DE,2013-12-06,Utilities
6007.0,0.5005291700363159,1.0,RWEG.DE,2013-12-09,Utilities
6008.0,0.49991315603256226,0.0,RWEG.DE,2013-12-10,Utilities
6009.0,0.4992758631706238,1.0,RWEG.DE,2013-12-11,Utilities
6010.0,0.49944037199020386,1.0,RWEG.DE,2013-12-12,Utilities
6011.0,0.5002732276916504,0.0,RWEG.DE,2013-12-13,Utilities
6012.0,0.5001357793807983,0.0,RWEG.DE,2013-12-16,Utilities
6013.0,0.49992820620536804,0.0,RWEG.DE,2013-12-17,Utilities
6014.0,0.49972549080848694,0.0,RWEG.DE,2013-12-18,Utilities
6015.0,0.49908462166786194,1.0,RWEG.DE,2013-12-19,Utilities
6016.0,0.4991815686225891,0.0,RWEG.DE,2013-12-20,Utilities
6017.0,0.4988572597503662,0.0,RWEG.DE,2013-12-23,Utilities
6018.0,0.49894747138023376,0.0,RWEG.DE,2013-12-27,Utilities
6019.0,0.5003089308738708,0.0,RWEG.DE,2013-12-30,Utilities
6020.0,0.5010144114494324,0.0,RWEG.DE,2014-01-02,Utilities
6021.0,0.5016745924949646,0.0,RWEG.DE,2014-01-03,Utilities
6022.0,0.5021998882293701,1.0,RWEG.DE,2014-01-06,Utilities
6023.0,0.5025783181190491,0.0,RWEG.DE,2014-01-07,Utilities
6024.0,0.502824604511261,0.0,RWEG.DE,2014-01-08,Utilities
6025.0,0.5032950639724731,1.0,RWEG.DE,2014-01-09,Utilities
6026.0,0.5028082132339478,1.0,RWEG.DE,2014-01-10,Utilities
6027.0,0.5020852088928223,1.0,RWEG.DE,2014-01-13,Utilities
6028.0,0.5013763308525085,1.0,RWEG.DE,2014-01-14,Utilities
6029.0,0.49925950169563293,1.0,RWEG.DE,2014-01-15,Utilities
6030.0,0.4984566569328308,0.0,RWEG.DE,2014-01-16,Utilities
6031.0,0.498485803604126,0.0,RWEG.DE,2014-01-17,Utilities
6032.0,0.49878165125846863,1.0,RWEG.DE,2014-01-20,Utilities
6033.0,0.49814754724502563,0.0,RWEG.DE,2014-01-21,Utilities
6034.0,0.4977911412715912,1.0,RWEG.DE,2014-01-22,Utilities
6035.0,0.4991402328014374,1.0,RWEG.DE,2014-01-23,Utilities
6036.0,0.5003445744514465,1.0,RWEG.DE,2014-01-24,Utilities
6037.0,0.5051142573356628,1.0,RWEG.DE,2014-01-27,Utilities
6038.0,0.5084490180015564,0.0,RWEG.DE,2014-01-28,Utilities
6039.0,0.5080606341362,1.0,RWEG.DE,2014-01-29,Utilities
6040.0,0.5051251649856567,1.0,RWEG.DE,2014-01-30,Utilities
6041.0,0.5038100481033325,1.0,RWEG.DE,2014-01-31,Utilities
6042.0,0.5027167797088623,1.0,RWEG.DE,2014-02-03,Utilities
6043.0,0.5041683316230774,0.0,RWEG.DE,2014-02-04,Utilities
6044.0,0.5043119192123413,1.0,RWEG.DE,2014-02-05,Utilities
6045.0,0.5026717782020569,1.0,RWEG.DE,2014-02-06,Utilities
6046.0,0.501522421836853,1.0,RWEG.DE,2014-02-07,Utilities
6047.0,0.5005102753639221,0.0,RWEG.DE,2014-02-10,Utilities
6048.0,0.5002963542938232,0.0,RWEG.DE,2014-02-11,Utilities
6049.0,0.5014775991439819,0.0,RWEG.DE,2014-02-12,Utilities
6050.0,0.5021383166313171,1.0,RWEG.DE,2014-02-13,Utilities
6051.0,0.5016698241233826,1.0,RWEG.DE,2014-02-14,Utilities
6052.0,0.5006012320518494,1.0,RWEG.DE,2014-02-17,Utilities
6053.0,0.50052809715271,1.0,RWEG.DE,2014-02-18,Utilities
6054.0,0.502063512802124,1.0,RWEG.DE,2014-02-19,Utilities
6055.0,0.5028900504112244,1.0,RWEG.DE,2014-02-20,Utilities
6056.0,0.5021030902862549,1.0,RWEG.DE,2014-02-21,Utilities
6057.0,0.5025749802589417,0.0,RWEG.DE,2014-02-24,Utilities
6058.0,0.502393364906311,0.0,RWEG.DE,2014-02-25,Utilities
6059.0,0.5036265850067139,0.0,RWEG.DE,2014-02-26,Utilities
6060.0,0.504818320274353,1.0,RWEG.DE,2014-02-27,Utilities
6061.0,0.5043533444404602,0.0,RWEG.DE,2014-02-28,Utilities
6062.0,0.504438042640686,1.0,RWEG.DE,2014-03-03,Utilities
6063.0,0.5046518445014954,0.0,RWEG.DE,2014-03-04,Utilities
6064.0,0.504784107208252,0.0,RWEG.DE,2014-03-05,Utilities
6065.0,0.5061408281326294,0.0,RWEG.DE,2014-03-06,Utilities
6066.0,0.50559401512146,1.0,RWEG.DE,2014-03-07,Utilities
6067.0,0.503528356552124,1.0,RWEG.DE,2014-03-10,Utilities
6068.0,0.50033038854599,1.0,RWEG.DE,2014-03-11,Utilities
6069.0,0.49784374237060547,1.0,RWEG.DE,2014-03-12,Utilities
6070.0,0.4993283450603485,1.0,RWEG.DE,2014-03-13,Utilities
6071.0,0.4997551739215851,1.0,RWEG.DE,2014-03-14,Utilities
6072.0,0.49907493591308594,1.0,RWEG.DE,2014-03-17,Utilities
6073.0,0.4983210563659668,1.0,RWEG.DE,2014-03-18,Utilities
6074.0,0.4981037676334381,0.0,RWEG.DE,2014-03-19,Utilities
6075.0,0.4995225667953491,1.0,RWEG.DE,2014-03-20,Utilities
6076.0,0.5001688003540039,0.0,RWEG.DE,2014-03-21,Utilities
6077.0,0.4996339678764343,1.0,RWEG.DE,2014-03-24,Utilities
6078.0,0.5004908442497253,0.0,RWEG.DE,2014-03-25,Utilities
6079.0,0.5018317699432373,0.0,RWEG.DE,2014-03-26,Utilities
6080.0,0.5031129121780396,1.0,RWEG.DE,2014-03-27,Utilities
6081.0,0.5026355385780334,1.0,RWEG.DE,2014-03-28,Utilities
6082.0,0.5027558207511902,0.0,RWEG.DE,2014-03-31,Utilities
6083.0,0.5018921494483948,0.0,RWEG.DE,2014-04-01,Utilities
6084.0,0.5006416440010071,0.0,RWEG.DE,2014-04-02,Utilities
6085.0,0.5003480911254883,0.0,RWEG.DE,2014-04-03,Utilities
6086.0,0.5005913376808167,0.0,RWEG.DE,2014-04-04,Utilities
6087.0,0.5006773471832275,0.0,RWEG.DE,2014-04-07,Utilities
6088.0,0.5039127469062805,0.0,RWEG.DE,2014-04-08,Utilities
6089.0,0.5035836100578308,1.0,RWEG.DE,2014-04-09,Utilities
6090.0,0.5026612281799316,1.0,RWEG.DE,2014-04-10,Utilities
6091.0,0.5017423033714294,1.0,RWEG.DE,2014-04-11,Utilities
6092.0,0.501433789730072,0.0,RWEG.DE,2014-04-14,Utilities
6093.0,0.5001537799835205,1.0,RWEG.DE,2014-04-15,Utilities
6094.0,0.4992820918560028,0.0,RWEG.DE,2014-04-16,Utilities
6095.0,0.4993166923522949,0.0,RWEG.DE,2014-04-17,Utilities
6096.0,0.49981337785720825,1.0,RWEG.DE,2014-04-22,Utilities
6097.0,0.4998830556869507,0.0,RWEG.DE,2014-04-23,Utilities
6098.0,0.4997681975364685,0.0,RWEG.DE,2014-04-24,Utilities
6099.0,0.49944525957107544,1.0,RWEG.DE,2014-04-25,Utilities
6100.0,0.5001825094223022,1.0,RWEG.DE,2014-04-28,Utilities
6101.0,0.4994277060031891,1.0,RWEG.DE,2014-04-29,Utilities
6102.0,0.4982905983924866,0.0,RWEG.DE,2014-04-30,Utilities
6103.0,0.4972366392612457,0.0,RWEG.DE,2014-05-02,Utilities
6104.0,0.49854737520217896,0.0,RWEG.DE,2014-05-05,Utilities
6105.0,0.49919024109840393,1.0,RWEG.DE,2014-05-06,Utilities
6106.0,0.498717725276947,1.0,RWEG.DE,2014-05-07,Utilities
6107.0,0.4985237717628479,1.0,RWEG.DE,2014-05-08,Utilities
6108.0,0.499224990606308,1.0,RWEG.DE,2014-05-09,Utilities
6109.0,0.5007415413856506,0.0,RWEG.DE,2014-05-12,Utilities
6110.0,0.5015196204185486,0.0,RWEG.DE,2014-05-13,Utilities
6111.0,0.501894474029541,0.0,RWEG.DE,2014-05-14,Utilities
6112.0,0.5012481808662415,0.0,RWEG.DE,2014-05-15,Utilities
6113.0,0.5005252957344055,1.0,RWEG.DE,2014-05-16,Utilities
6114.0,0.5001429915428162,1.0,RWEG.DE,2014-05-19,Utilities
6115.0,0.5004695653915405,1.0,RWEG.DE,2014-05-20,Utilities
6116.0,0.5023952722549438,1.0,RWEG.DE,2014-05-21,Utilities
6117.0,0.5028920769691467,1.0,RWEG.DE,2014-05-22,Utilities
6118.0,0.5029202103614807,1.0,RWEG.DE,2014-05-23,Utilities
6119.0,0.50223308801651,0.0,RWEG.DE,2014-05-26,Utilities
6120.0,0.5004910826683044,0.0,RWEG.DE,2014-05-27,Utilities
6121.0,0.4984637200832367,1.0,RWEG.DE,2014-05-28,Utilities
6122.0,0.49915793538093567,1.0,RWEG.DE,2014-05-29,Utilities
6123.0,0.5012820959091187,0.0,RWEG.DE,2014-05-30,Utilities
6124.0,0.5025753378868103,0.0,RWEG.DE,2014-06-02,Utilities
6125.0,0.50583815574646,1.0,RWEG.DE,2014-06-03,Utilities
6126.0,0.5065524578094482,1.0,RWEG.DE,2014-06-04,Utilities
6127.0,0.50739586353302,1.0,RWEG.DE,2014-06-05,Utilities
6128.0,0.507294237613678,0.0,RWEG.DE,2014-06-06,Utilities
6129.0,0.5055341124534607,0.0,RWEG.DE,2014-06-09,Utilities
6130.0,0.5043289065361023,1.0,RWEG.DE,2014-06-10,Utilities
6131.0,0.5037933588027954,0.0,RWEG.DE,2014-06-11,Utilities
6132.0,0.502866268157959,1.0,RWEG.DE,2014-06-12,Utilities
6133.0,0.5019627213478088,1.0,RWEG.DE,2014-06-13,Utilities
6134.0,0.5011624097824097,0.0,RWEG.DE,2014-06-16,Utilities
6135.0,0.5010992288589478,0.0,RWEG.DE,2014-06-17,Utilities
6136.0,0.5011438727378845,1.0,RWEG.DE,2014-06-18,Utilities
6137.0,0.5009852647781372,1.0,RWEG.DE,2014-06-19,Utilities
6138.0,0.500678300857544,1.0,RWEG.DE,2014-06-20,Utilities
6139.0,0.501643180847168,1.0,RWEG.DE,2014-06-23,Utilities
6140.0,0.5004479885101318,1.0,RWEG.DE,2014-06-24,Utilities
6141.0,0.49992823600769043,0.0,RWEG.DE,2014-06-25,Utilities
6142.0,0.5002376437187195,1.0,RWEG.DE,2014-06-26,Utilities
6143.0,0.4996735453605652,1.0,RWEG.DE,2014-06-27,Utilities
6144.0,0.49957549571990967,0.0,RWEG.DE,2014-06-30,Utilities
6145.0,0.502008855342865,1.0,RWEG.DE,2014-07-01,Utilities
6146.0,0.504603922367096,1.0,RWEG.DE,2014-07-02,Utilities
6147.0,0.5058179497718811,1.0,RWEG.DE,2014-07-03,Utilities
6148.0,0.5057096481323242,0.0,RWEG.DE,2014-07-04,Utilities
6149.0,0.5050404071807861,0.0,RWEG.DE,2014-07-07,Utilities
6150.0,0.5027559399604797,1.0,RWEG.DE,2014-07-08,Utilities
6151.0,0.5012820363044739,1.0,RWEG.DE,2014-07-09,Utilities
6152.0,0.5016281008720398,0.0,RWEG.DE,2014-07-10,Utilities
6153.0,0.5009148716926575,0.0,RWEG.DE,2014-07-11,Utilities
6154.0,0.5017169713973999,0.0,RWEG.DE,2014-07-14,Utilities
6155.0,0.5023388266563416,1.0,RWEG.DE,2014-07-15,Utilities
6156.0,0.5038520693778992,0.0,RWEG.DE,2014-07-16,Utilities
6157.0,0.5024341940879822,0.0,RWEG.DE,2014-07-17,Utilities
6158.0,0.5001546144485474,1.0,RWEG.DE,2014-07-18,Utilities
6159.0,0.49889352917671204,1.0,RWEG.DE,2014-07-21,Utilities
6160.0,0.49890267848968506,1.0,RWEG.DE,2014-07-22,Utilities
6161.0,0.49847257137298584,0.0,RWEG.DE,2014-07-23,Utilities
6162.0,0.49835968017578125,1.0,RWEG.DE,2014-07-24,Utilities
6163.0,0.4989311993122101,1.0,RWEG.DE,2014-07-25,Utilities
6164.0,0.4999122619628906,1.0,RWEG.DE,2014-07-28,Utilities
6165.0,0.5012538433074951,1.0,RWEG.DE,2014-07-29,Utilities
6166.0,0.5005950927734375,0.0,RWEG.DE,2014-07-30,Utilities
6167.0,0.5009404420852661,0.0,RWEG.DE,2014-07-31,Utilities
6168.0,0.5008060932159424,0.0,RWEG.DE,2014-08-01,Utilities
6169.0,0.5018584728240967,1.0,RWEG.DE,2014-08-04,Utilities
6170.0,0.50168776512146,0.0,RWEG.DE,2014-08-05,Utilities
6171.0,0.5022259950637817,1.0,RWEG.DE,2014-08-06,Utilities
6172.0,0.5014280080795288,0.0,RWEG.DE,2014-08-07,Utilities
6173.0,0.5009762644767761,1.0,RWEG.DE,2014-08-08,Utilities
6174.0,0.5012333393096924,0.0,RWEG.DE,2014-08-11,Utilities
6175.0,0.49997323751449585,0.0,RWEG.DE,2014-08-12,Utilities
6176.0,0.49851134419441223,1.0,RWEG.DE,2014-08-13,Utilities
6177.0,0.49708291888237,0.0,RWEG.DE,2014-08-14,Utilities
6178.0,0.49684756994247437,1.0,RWEG.DE,2014-08-15,Utilities
6179.0,0.49695566296577454,0.0,RWEG.DE,2014-08-18,Utilities
6180.0,0.49718350172042847,1.0,RWEG.DE,2014-08-19,Utilities
6181.0,0.4971426725387573,0.0,RWEG.DE,2014-08-20,Utilities
6182.0,0.4985920786857605,0.0,RWEG.DE,2014-08-21,Utilities
6183.0,0.5000465512275696,0.0,RWEG.DE,2014-08-22,Utilities
6184.0,0.4996735155582428,1.0,RWEG.DE,2014-08-25,Utilities
6185.0,0.5020469427108765,0.0,RWEG.DE,2014-08-26,Utilities
6186.0,0.5015684962272644,1.0,RWEG.DE,2014-08-27,Utilities
6187.0,0.5017600655555725,1.0,RWEG.DE,2014-08-28,Utilities
6188.0,0.5030180215835571,1.0,RWEG.DE,2014-08-29,Utilities
6189.0,0.5049504637718201,1.0,RWEG.DE,2014-09-01,Utilities
6190.0,0.5047712326049805,0.0,RWEG.DE,2014-09-02,Utilities
6191.0,0.5039865374565125,1.0,RWEG.DE,2014-09-03,Utilities
6192.0,0.5024024844169617,1.0,RWEG.DE,2014-09-04,Utilities
6193.0,0.5026652812957764,1.0,RWEG.DE,2014-09-05,Utilities
6194.0,0.5025581121444702,1.0,RWEG.DE,2014-09-08,Utilities
6195.0,0.5027124285697937,0.0,RWEG.DE,2014-09-09,Utilities
6196.0,0.5018436312675476,1.0,RWEG.DE,2014-09-10,Utilities
6197.0,0.5017834305763245,1.0,RWEG.DE,2014-09-11,Utilities
6198.0,0.5023044347763062,0.0,RWEG.DE,2014-09-12,Utilities
6199.0,0.5023449659347534,0.0,RWEG.DE,2014-09-15,Utilities
6200.0,0.5037331581115723,0.0,RWEG.DE,2014-09-16,Utilities
6201.0,0.504916787147522,0.0,RWEG.DE,2014-09-17,Utilities
6202.0,0.5052029490470886,1.0,RWEG.DE,2014-09-18,Utilities
6203.0,0.5045288801193237,0.0,RWEG.DE,2014-09-19,Utilities
6204.0,0.5028467178344727,1.0,RWEG.DE,2014-09-22,Utilities
6205.0,0.5021578669548035,1.0,RWEG.DE,2014-09-23,Utilities
6206.0,0.5018458366394043,1.0,RWEG.DE,2014-09-24,Utilities
6207.0,0.5003175735473633,1.0,RWEG.DE,2014-09-25,Utilities
6208.0,0.49952763319015503,0.0,RWEG.DE,2014-09-26,Utilities
6209.0,0.4991004765033722,0.0,RWEG.DE,2014-09-29,Utilities
6210.0,0.49869242310523987,1.0,RWEG.DE,2014-09-30,Utilities
6211.0,0.4998239278793335,1.0,RWEG.DE,2014-10-01,Utilities
6212.0,0.5005359053611755,0.0,RWEG.DE,2014-10-02,Utilities
6213.0,0.500889241695404,1.0,RWEG.DE,2014-10-06,Utilities
6214.0,0.5008206367492676,0.0,RWEG.DE,2014-10-07,Utilities
6215.0,0.5012495517730713,1.0,RWEG.DE,2014-10-08,Utilities
6216.0,0.5009201765060425,0.0,RWEG.DE,2014-10-09,Utilities
6217.0,0.500632643699646,0.0,RWEG.DE,2014-10-10,Utilities
6218.0,0.49881336092948914,0.0,RWEG.DE,2014-10-13,Utilities
6219.0,0.49926888942718506,0.0,RWEG.DE,2014-10-14,Utilities
6220.0,0.49938133358955383,0.0,RWEG.DE,2014-10-15,Utilities
6221.0,0.4982641637325287,0.0,RWEG.DE,2014-10-16,Utilities
6222.0,0.4985312521457672,1.0,RWEG.DE,2014-10-17,Utilities
6223.0,0.4981139898300171,0.0,RWEG.DE,2014-10-20,Utilities
6224.0,0.49794039130210876,0.0,RWEG.DE,2014-10-21,Utilities
6225.0,0.49785587191581726,1.0,RWEG.DE,2014-10-22,Utilities
6226.0,0.49728289246559143,0.0,RWEG.DE,2014-10-23,Utilities
6227.0,0.49697887897491455,0.0,RWEG.DE,2014-10-24,Utilities
6228.0,0.49681130051612854,0.0,RWEG.DE,2014-10-27,Utilities
6229.0,0.4964331090450287,1.0,RWEG.DE,2014-10-28,Utilities
6230.0,0.49601203203201294,0.0,RWEG.DE,2014-10-29,Utilities
6231.0,0.4983232319355011,1.0,RWEG.DE,2014-10-30,Utilities
6232.0,0.49910444021224976,0.0,RWEG.DE,2014-10-31,Utilities
6233.0,0.5008429884910583,0.0,RWEG.DE,2014-11-03,Utilities
6234.0,0.5036333203315735,1.0,RWEG.DE,2014-11-04,Utilities
6235.0,0.5052719116210938,1.0,RWEG.DE,2014-11-05,Utilities
6236.0,0.5048094987869263,0.0,RWEG.DE,2014-11-06,Utilities
6237.0,0.5033870339393616,0.0,RWEG.DE,2014-11-07,Utilities
6238.0,0.5054209232330322,1.0,RWEG.DE,2014-11-10,Utilities
6239.0,0.5055824518203735,1.0,RWEG.DE,2014-11-11,Utilities
6240.0,0.5054866075515747,0.0,RWEG.DE,2014-11-12,Utilities
6241.0,0.5064312815666199,0.0,RWEG.DE,2014-11-13,Utilities
6242.0,0.5048770308494568,0.0,RWEG.DE,2014-11-14,Utilities
6243.0,0.5034515857696533,0.0,RWEG.DE,2014-11-17,Utilities
6244.0,0.5055943131446838,1.0,RWEG.DE,2014-11-18,Utilities
6245.0,0.5050002932548523,0.0,RWEG.DE,2014-11-19,Utilities
6246.0,0.5031589269638062,0.0,RWEG.DE,2014-11-20,Utilities
6247.0,0.5028489232063293,1.0,RWEG.DE,2014-11-21,Utilities
6248.0,0.5031707286834717,0.0,RWEG.DE,2014-11-24,Utilities
6249.0,0.5013647079467773,1.0,RWEG.DE,2014-11-25,Utilities
6250.0,0.5024133324623108,1.0,SAPG.DE,2013-11-28,Technology
6251.0,0.5023956298828125,0.0,SAPG.DE,2013-11-29,Technology
6252.0,0.5015717148780823,0.0,SAPG.DE,2013-12-02,Technology
6253.0,0.5011655688285828,1.0,SAPG.DE,2013-12-03,Technology
6254.0,0.5001477599143982,1.0,SAPG.DE,2013-12-04,Technology
6255.0,0.5008687973022461,1.0,SAPG.DE,2013-12-05,Technology
6256.0,0.5011749863624573,1.0,SAPG.DE,2013-12-06,Technology
6257.0,0.4986445903778076,0.0,SAPG.DE,2013-12-09,Technology
6258.0,0.4982621967792511,1.0,SAPG.DE,2013-12-10,Technology
6259.0,0.4981357157230377,1.0,SAPG.DE,2013-12-11,Technology
6260.0,0.49900785088539124,0.0,SAPG.DE,2013-12-12,Technology
6261.0,0.4992809593677521,1.0,SAPG.DE,2013-12-13,Technology
6262.0,0.4990258514881134,0.0,SAPG.DE,2013-12-16,Technology
6263.0,0.4992520213127136,0.0,SAPG.DE,2013-12-17,Technology
6264.0,0.49866777658462524,0.0,SAPG.DE,2013-12-18,Technology
6265.0,0.498989075422287,1.0,SAPG.DE,2013-12-19,Technology
6266.0,0.50033038854599,1.0,SAPG.DE,2013-12-20,Technology
6267.0,0.5001246929168701,0.0,SAPG.DE,2013-12-23,Technology
6268.0,0.5006434917449951,0.0,SAPG.DE,2013-12-27,Technology
6269.0,0.5029391050338745,1.0,SAPG.DE,2013-12-30,Technology
6270.0,0.5038526654243469,1.0,SAPG.DE,2014-01-02,Technology
6271.0,0.504120945930481,0.0,SAPG.DE,2014-01-03,Technology
6272.0,0.504085898399353,1.0,SAPG.DE,2014-01-06,Technology
6273.0,0.5039216876029968,0.0,SAPG.DE,2014-01-07,Technology
6274.0,0.5037134885787964,1.0,SAPG.DE,2014-01-08,Technology
6275.0,0.5033049583435059,0.0,SAPG.DE,2014-01-09,Technology
6276.0,0.5028666257858276,0.0,SAPG.DE,2014-01-10,Technology
6277.0,0.5024692416191101,1.0,SAPG.DE,2014-01-13,Technology
6278.0,0.5021343231201172,0.0,SAPG.DE,2014-01-14,Technology
6279.0,0.500922441482544,0.0,SAPG.DE,2014-01-15,Technology
6280.0,0.5003002882003784,0.0,SAPG.DE,2014-01-16,Technology
6281.0,0.5002766847610474,0.0,SAPG.DE,2014-01-17,Technology
6282.0,0.4996625781059265,1.0,SAPG.DE,2014-01-20,Technology
6283.0,0.5006345510482788,0.0,SAPG.DE,2014-01-21,Technology
6284.0,0.5000528693199158,0.0,SAPG.DE,2014-01-22,Technology
6285.0,0.49907469749450684,0.0,SAPG.DE,2014-01-23,Technology
6286.0,0.4989975392818451,0.0,SAPG.DE,2014-01-24,Technology
6287.0,0.49837231636047363,1.0,SAPG.DE,2014-01-27,Technology
6288.0,0.4989875257015228,0.0,SAPG.DE,2014-01-28,Technology
6289.0,0.4992420971393585,1.0,SAPG.DE,2014-01-29,Technology
6290.0,0.49935346841812134,1.0,SAPG.DE,2014-01-30,Technology
6291.0,0.49949461221694946,1.0,SAPG.DE,2014-01-31,Technology
6292.0,0.49873727560043335,0.0,SAPG.DE,2014-02-03,Technology
6293.0,0.4980216324329376,1.0,SAPG.DE,2014-02-04,Technology
6294.0,0.49728119373321533,0.0,SAPG.DE,2014-02-05,Technology
6295.0,0.49649035930633545,0.0,SAPG.DE,2014-02-06,Technology
6296.0,0.4969916343688965,0.0,SAPG.DE,2014-02-07,Technology
6297.0,0.49711689352989197,0.0,SAPG.DE,2014-02-10,Technology
6298.0,0.49789243936538696,1.0,SAPG.DE,2014-02-11,Technology
6299.0,0.4988471269607544,0.0,SAPG.DE,2014-02-12,Technology
6300.0,0.4992208182811737,0.0,SAPG.DE,2014-02-13,Technology
6301.0,0.49887415766716003,1.0,SAPG.DE,2014-02-14,Technology
6302.0,0.4989384710788727,1.0,SAPG.DE,2014-02-17,Technology
6303.0,0.4986424446105957,1.0,SAPG.DE,2014-02-18,Technology
6304.0,0.49977126717567444,0.0,SAPG.DE,2014-02-19,Technology
6305.0,0.5004389882087708,0.0,SAPG.DE,2014-02-20,Technology
6306.0,0.5006492733955383,1.0,SAPG.DE,2014-02-21,Technology
6307.0,0.5025075674057007,0.0,SAPG.DE,2014-02-24,Technology
6308.0,0.5032780766487122,1.0,SAPG.DE,2014-02-25,Technology
6309.0,0.5033867359161377,1.0,SAPG.DE,2014-02-26,Technology
6310.0,0.5037326216697693,0.0,SAPG.DE,2014-02-27,Technology
6311.0,0.5033659934997559,1.0,SAPG.DE,2014-02-28,Technology
6312.0,0.5030134916305542,0.0,SAPG.DE,2014-03-03,Technology
6313.0,0.502235472202301,0.0,SAPG.DE,2014-03-04,Technology
6314.0,0.5011321306228638,0.0,SAPG.DE,2014-03-05,Technology
6315.0,0.5007783770561218,1.0,SAPG.DE,2014-03-06,Technology
6316.0,0.500684916973114,1.0,SAPG.DE,2014-03-07,Technology
6317.0,0.5006676316261292,0.0,SAPG.DE,2014-03-10,Technology
6318.0,0.5007442831993103,0.0,SAPG.DE,2014-03-11,Technology
6319.0,0.4988947808742523,1.0,SAPG.DE,2014-03-12,Technology
6320.0,0.49954962730407715,1.0,SAPG.DE,2014-03-13,Technology
6321.0,0.499468058347702,0.0,SAPG.DE,2014-03-14,Technology
6322.0,0.4997482895851135,1.0,SAPG.DE,2014-03-17,Technology
6323.0,0.4991249442100525,0.0,SAPG.DE,2014-03-18,Technology
6324.0,0.49851909279823303,0.0,SAPG.DE,2014-03-19,Technology
6325.0,0.4987153708934784,0.0,SAPG.DE,2014-03-20,Technology
6326.0,0.4984786808490753,1.0,SAPG.DE,2014-03-21,Technology
6327.0,0.497882217168808,1.0,SAPG.DE,2014-03-24,Technology
6328.0,0.49789467453956604,0.0,SAPG.DE,2014-03-25,Technology
6329.0,0.49993300437927246,1.0,SAPG.DE,2014-03-26,Technology
6330.0,0.5013769268989563,1.0,SAPG.DE,2014-03-27,Technology
6331.0,0.5019358396530151,0.0,SAPG.DE,2014-03-28,Technology
6332.0,0.5017983317375183,1.0,SAPG.DE,2014-03-31,Technology
6333.0,0.5026353597640991,0.0,SAPG.DE,2014-04-01,Technology
6334.0,0.5020553469657898,0.0,SAPG.DE,2014-04-02,Technology
6335.0,0.5025779008865356,1.0,SAPG.DE,2014-04-03,Technology
6336.0,0.5033835172653198,0.0,SAPG.DE,2014-04-04,Technology
6337.0,0.5043413043022156,1.0,SAPG.DE,2014-04-07,Technology
6338.0,0.5045380592346191,1.0,SAPG.DE,2014-04-08,Technology
6339.0,0.5039716362953186,1.0,SAPG.DE,2014-04-09,Technology
6340.0,0.5024870038032532,1.0,SAPG.DE,2014-04-10,Technology
6341.0,0.5019314885139465,0.0,SAPG.DE,2014-04-11,Technology
6342.0,0.5015795826911926,1.0,SAPG.DE,2014-04-14,Technology
6343.0,0.5001655220985413,1.0,SAPG.DE,2014-04-15,Technology
6344.0,0.49959689378738403,1.0,SAPG.DE,2014-04-16,Technology
6345.0,0.49962443113327026,0.0,SAPG.DE,2014-04-17,Technology
6346.0,0.4995581805706024,0.0,SAPG.DE,2014-04-22,Technology
6347.0,0.49841371178627014,0.0,SAPG.DE,2014-04-23,Technology
6348.0,0.49879804253578186,0.0,SAPG.DE,2014-04-24,Technology
6349.0,0.4990795850753784,0.0,SAPG.DE,2014-04-25,Technology
6350.0,0.5005009770393372,1.0,SAPG.DE,2014-04-28,Technology
6351.0,0.5002577304840088,1.0,SAPG.DE,2014-04-29,Technology
6352.0,0.4994718134403229,1.0,SAPG.DE,2014-04-30,Technology
6353.0,0.498632550239563,1.0,SAPG.DE,2014-05-02,Technology
6354.0,0.4987220764160156,0.0,SAPG.DE,2014-05-05,Technology
6355.0,0.49874040484428406,0.0,SAPG.DE,2014-05-06,Technology
6356.0,0.49888136982917786,0.0,SAPG.DE,2014-05-07,Technology
6357.0,0.4981863796710968,0.0,SAPG.DE,2014-05-08,Technology
6358.0,0.49862805008888245,0.0,SAPG.DE,2014-05-09,Technology
6359.0,0.5003460049629211,1.0,SAPG.DE,2014-05-12,Technology
6360.0,0.501470685005188,0.0,SAPG.DE,2014-05-13,Technology
6361.0,0.5021973848342896,1.0,SAPG.DE,2014-05-14,Technology
6362.0,0.5019032955169678,0.0,SAPG.DE,2014-05-15,Technology
6363.0,0.5005519986152649,0.0,SAPG.DE,2014-05-16,Technology
6364.0,0.4995810091495514,0.0,SAPG.DE,2014-05-19,Technology
6365.0,0.4991205632686615,1.0,SAPG.DE,2014-05-20,Technology
6366.0,0.49859941005706787,1.0,SAPG.DE,2014-05-21,Technology
6367.0,0.4980695843696594,0.0,SAPG.DE,2014-05-22,Technology
6368.0,0.49952057003974915,0.0,SAPG.DE,2014-05-23,Technology
6369.0,0.5004203915596008,0.0,SAPG.DE,2014-05-26,Technology
6370.0,0.5011455416679382,1.0,SAPG.DE,2014-05-27,Technology
6371.0,0.5004249215126038,1.0,SAPG.DE,2014-05-28,Technology
6372.0,0.49986135959625244,1.0,SAPG.DE,2014-05-29,Technology
6373.0,0.4994528591632843,1.0,SAPG.DE,2014-05-30,Technology
6374.0,0.49953606724739075,0.0,SAPG.DE,2014-06-02,Technology
6375.0,0.5005241632461548,1.0,SAPG.DE,2014-06-03,Technology
6376.0,0.500886857509613,0.0,SAPG.DE,2014-06-04,Technology
6377.0,0.5011588335037231,0.0,SAPG.DE,2014-06-05,Technology
6378.0,0.5019375681877136,0.0,SAPG.DE,2014-06-06,Technology
6379.0,0.5029531717300415,1.0,SAPG.DE,2014-06-09,Technology
6380.0,0.5032488703727722,1.0,SAPG.DE,2014-06-10,Technology
6381.0,0.5029119849205017,1.0,SAPG.DE,2014-06-11,Technology
6382.0,0.5024492144584656,1.0,SAPG.DE,2014-06-12,Technology
6383.0,0.5014662742614746,1.0,SAPG.DE,2014-06-13,Technology
6384.0,0.501130223274231,1.0,SAPG.DE,2014-06-16,Technology
6385.0,0.5003845691680908,1.0,SAPG.DE,2014-06-17,Technology
6386.0,0.49991098046302795,1.0,SAPG.DE,2014-06-18,Technology
6387.0,0.499347448348999,0.0,SAPG.DE,2014-06-19,Technology
6388.0,0.4994162321090698,0.0,SAPG.DE,2014-06-20,Technology
6389.0,0.49982157349586487,1.0,SAPG.DE,2014-06-23,Technology
6390.0,0.4998044967651367,1.0,SAPG.DE,2014-06-24,Technology
6391.0,0.5001505017280579,0.0,SAPG.DE,2014-06-25,Technology
6392.0,0.5008960962295532,0.0,SAPG.DE,2014-06-26,Technology
6393.0,0.501657247543335,0.0,SAPG.DE,2014-06-27,Technology
6394.0,0.5020594596862793,0.0,SAPG.DE,2014-06-30,Technology
6395.0,0.5023451447486877,0.0,SAPG.DE,2014-07-01,Technology
6396.0,0.5023350119590759,1.0,SAPG.DE,2014-07-02,Technology
6397.0,0.5014706254005432,1.0,SAPG.DE,2014-07-03,Technology
6398.0,0.5007433295249939,1.0,SAPG.DE,2014-07-04,Technology
6399.0,0.5005486607551575,1.0,SAPG.DE,2014-07-07,Technology
6400.0,0.4996839761734009,1.0,SAPG.DE,2014-07-08,Technology
6401.0,0.49892833828926086,1.0,SAPG.DE,2014-07-09,Technology
6402.0,0.49878132343292236,1.0,SAPG.DE,2014-07-10,Technology
6403.0,0.4989803731441498,1.0,SAPG.DE,2014-07-11,Technology
6404.0,0.4993434548377991,1.0,SAPG.DE,2014-07-14,Technology
6405.0,0.4999150335788727,0.0,SAPG.DE,2014-07-15,Technology
6406.0,0.5011455416679382,0.0,SAPG.DE,2014-07-16,Technology
6407.0,0.5015542507171631,1.0,SAPG.DE,2014-07-17,Technology
6408.0,0.5016909241676331,1.0,SAPG.DE,2014-07-18,Technology
6409.0,0.5007767081260681,1.0,SAPG.DE,2014-07-21,Technology
6410.0,0.5005227327346802,1.0,SAPG.DE,2014-07-22,Technology
6411.0,0.49972963333129883,1.0,SAPG.DE,2014-07-23,Technology
6412.0,0.49956145882606506,0.0,SAPG.DE,2014-07-24,Technology
6413.0,0.500898003578186,1.0,SAPG.DE,2014-07-25,Technology
6414.0,0.5006492733955383,1.0,SAPG.DE,2014-07-28,Technology
6415.0,0.5010296702384949,0.0,SAPG.DE,2014-07-29,Technology
6416.0,0.5028987526893616,1.0,SAPG.DE,2014-07-30,Technology
6417.0,0.5041678547859192,1.0,SAPG.DE,2014-07-31,Technology
6418.0,0.5036796927452087,0.0,SAPG.DE,2014-08-01,Technology
6419.0,0.503873348236084,0.0,SAPG.DE,2014-08-04,Technology
6420.0,0.5037289261817932,1.0,SAPG.DE,2014-08-05,Technology
6421.0,0.5025357604026794,0.0,SAPG.DE,2014-08-06,Technology
6422.0,0.5008482336997986,1.0,SAPG.DE,2014-08-07,Technology
6423.0,0.49995627999305725,0.0,SAPG.DE,2014-08-08,Technology
6424.0,0.49981436133384705,1.0,SAPG.DE,2014-08-11,Technology
6425.0,0.49949103593826294,1.0,SAPG.DE,2014-08-12,Technology
6426.0,0.49860671162605286,0.0,SAPG.DE,2014-08-13,Technology
6427.0,0.49740713834762573,0.0,SAPG.DE,2014-08-14,Technology
6428.0,0.4967260956764221,0.0,SAPG.DE,2014-08-15,Technology
6429.0,0.4981633126735687,1.0,SAPG.DE,2014-08-18,Technology
6430.0,0.49861449003219604,1.0,SAPG.DE,2014-08-19,Technology
6431.0,0.4988078474998474,0.0,SAPG.DE,2014-08-20,Technology
6432.0,0.49862372875213623,1.0,SAPG.DE,2014-08-21,Technology
6433.0,0.5001366138458252,0.0,SAPG.DE,2014-08-22,Technology
6434.0,0.5002368688583374,1.0,SAPG.DE,2014-08-25,Technology
6435.0,0.5005437731742859,0.0,SAPG.DE,2014-08-26,Technology
6436.0,0.500624418258667,0.0,SAPG.DE,2014-08-27,Technology
6437.0,0.49972206354141235,0.0,SAPG.DE,2014-08-28,Technology
6438.0,0.5009844303131104,0.0,SAPG.DE,2014-08-29,Technology
6439.0,0.5024654865264893,1.0,SAPG.DE,2014-09-01,Technology
6440.0,0.502440333366394,1.0,SAPG.DE,2014-09-02,Technology
6441.0,0.5027346014976501,0.0,SAPG.DE,2014-09-03,Technology
6442.0,0.5021858215332031,1.0,SAPG.DE,2014-09-04,Technology
6443.0,0.5034699440002441,0.0,SAPG.DE,2014-09-05,Technology
6444.0,0.5037508606910706,1.0,SAPG.DE,2014-09-08,Technology
6445.0,0.503276526927948,0.0,SAPG.DE,2014-09-09,Technology
6446.0,0.5018965005874634,0.0,SAPG.DE,2014-09-10,Technology
6447.0,0.5011922121047974,1.0,SAPG.DE,2014-09-11,Technology
6448.0,0.5011576414108276,1.0,SAPG.DE,2014-09-12,Technology
6449.0,0.5013672709465027,1.0,SAPG.DE,2014-09-15,Technology
6450.0,0.5007091760635376,0.0,SAPG.DE,2014-09-16,Technology
6451.0,0.5012353658676147,0.0,SAPG.DE,2014-09-17,Technology
6452.0,0.5012251734733582,1.0,SAPG.DE,2014-09-18,Technology
6453.0,0.501914918422699,0.0,SAPG.DE,2014-09-19,Technology
6454.0,0.5012556314468384,1.0,SAPG.DE,2014-09-22,Technology
6455.0,0.5006876587867737,1.0,SAPG.DE,2014-09-23,Technology
6456.0,0.5002731084823608,0.0,SAPG.DE,2014-09-24,Technology
6457.0,0.5000759959220886,1.0,SAPG.DE,2014-09-25,Technology
6458.0,0.5001122355461121,1.0,SAPG.DE,2014-09-26,Technology
6459.0,0.499679833650589,1.0,SAPG.DE,2014-09-29,Technology
6460.0,0.4994036555290222,0.0,SAPG.DE,2014-09-30,Technology
6461.0,0.4999764859676361,0.0,SAPG.DE,2014-10-01,Technology
6462.0,0.49861371517181396,1.0,SAPG.DE,2014-10-02,Technology
6463.0,0.4984702467918396,1.0,SAPG.DE,2014-10-06,Technology
6464.0,0.4982590675354004,0.0,SAPG.DE,2014-10-07,Technology
6465.0,0.4986667037010193,0.0,SAPG.DE,2014-10-08,Technology
6466.0,0.49842125177383423,1.0,SAPG.DE,2014-10-09,Technology
6467.0,0.49922147393226624,1.0,SAPG.DE,2014-10-10,Technology
6468.0,0.49956515431404114,0.0,SAPG.DE,2014-10-13,Technology
6469.0,0.49990493059158325,1.0,SAPG.DE,2014-10-14,Technology
6470.0,0.4996587932109833,0.0,SAPG.DE,2014-10-15,Technology
6471.0,0.499120831489563,0.0,SAPG.DE,2014-10-16,Technology
6472.0,0.49982473254203796,1.0,SAPG.DE,2014-10-17,Technology
6473.0,0.4996073842048645,0.0,SAPG.DE,2014-10-20,Technology
6474.0,0.4982363283634186,1.0,SAPG.DE,2014-10-21,Technology
6475.0,0.49885061383247375,0.0,SAPG.DE,2014-10-22,Technology
6476.0,0.49944692850112915,1.0,SAPG.DE,2014-10-23,Technology
6477.0,0.4995777904987335,0.0,SAPG.DE,2014-10-24,Technology
6478.0,0.4999856948852539,1.0,SAPG.DE,2014-10-27,Technology
6479.0,0.49900564551353455,1.0,SAPG.DE,2014-10-28,Technology
6480.0,0.4982806146144867,0.0,SAPG.DE,2014-10-29,Technology
6481.0,0.5012503862380981,1.0,SAPG.DE,2014-10-30,Technology
6482.0,0.5009572505950928,1.0,SAPG.DE,2014-10-31,Technology
6483.0,0.5017523765563965,0.0,SAPG.DE,2014-11-03,Technology
6484.0,0.5016314387321472,0.0,SAPG.DE,2014-11-04,Technology
6485.0,0.5035596489906311,1.0,SAPG.DE,2014-11-05,Technology
6486.0,0.5035820603370667,1.0,SAPG.DE,2014-11-06,Technology
6487.0,0.5033554434776306,0.0,SAPG.DE,2014-11-07,Technology
6488.0,0.5045574307441711,1.0,SAPG.DE,2014-11-10,Technology
6489.0,0.5045470595359802,1.0,SAPG.DE,2014-11-11,Technology
6490.0,0.5050590634346008,0.0,SAPG.DE,2014-11-12,Technology
6491.0,0.5073450207710266,0.0,SAPG.DE,2014-11-13,Technology
6492.0,0.5064268708229065,1.0,SAPG.DE,2014-11-14,Technology
6493.0,0.5047770738601685,1.0,SAPG.DE,2014-11-17,Technology
6494.0,0.5051246285438538,1.0,SAPG.DE,2014-11-18,Technology
6495.0,0.5055119395256042,1.0,SAPG.DE,2014-11-19,Technology
6496.0,0.5040553212165833,0.0,SAPG.DE,2014-11-20,Technology
6497.0,0.5038042068481445,0.0,SAPG.DE,2014-11-21,Technology
6498.0,0.5033636093139648,1.0,SAPG.DE,2014-11-24,Technology
6499.0,0.5019000172615051,1.0,SAPG.DE,2014-11-25,Technology
6500.0,0.5040394067764282,1.0,SDFGn.DE,2013-11-28,Basic Materials
6501.0,0.5049058794975281,1.0,SDFGn.DE,2013-11-29,Basic Materials
6502.0,0.5036625862121582,1.0,SDFGn.DE,2013-12-02,Basic Materials
6503.0,0.5024185180664062,0.0,SDFGn.DE,2013-12-03,Basic Materials
6504.0,0.5013488531112671,1.0,SDFGn.DE,2013-12-04,Basic Materials
6505.0,0.5010492205619812,1.0,SDFGn.DE,2013-12-05,Basic Materials
6506.0,0.5024580955505371,0.0,SDFGn.DE,2013-12-06,Basic Materials
6507.0,0.5086182951927185,0.0,SDFGn.DE,2013-12-09,Basic Materials
6508.0,0.5082088112831116,0.0,SDFGn.DE,2013-12-10,Basic Materials
6509.0,0.5076619386672974,0.0,SDFGn.DE,2013-12-11,Basic Materials
6510.0,0.5067499279975891,0.0,SDFGn.DE,2013-12-12,Basic Materials
6511.0,0.5055878758430481,1.0,SDFGn.DE,2013-12-13,Basic Materials
6512.0,0.5040328502655029,0.0,SDFGn.DE,2013-12-16,Basic Materials
6513.0,0.502135694026947,1.0,SDFGn.DE,2013-12-17,Basic Materials
6514.0,0.5002222061157227,0.0,SDFGn.DE,2013-12-18,Basic Materials
6515.0,0.499984472990036,0.0,SDFGn.DE,2013-12-19,Basic Materials
6516.0,0.5008610486984253,1.0,SDFGn.DE,2013-12-20,Basic Materials
6517.0,0.5017063021659851,1.0,SDFGn.DE,2013-12-23,Basic Materials
6518.0,0.5016196370124817,1.0,SDFGn.DE,2013-12-27,Basic Materials
6519.0,0.502134382724762,1.0,SDFGn.DE,2013-12-30,Basic Materials
6520.0,0.5038741230964661,0.0,SDFGn.DE,2014-01-02,Basic Materials
6521.0,0.5052841901779175,1.0,SDFGn.DE,2014-01-03,Basic Materials
6522.0,0.5063387751579285,1.0,SDFGn.DE,2014-01-06,Basic Materials
6523.0,0.5070486068725586,0.0,SDFGn.DE,2014-01-07,Basic Materials
6524.0,0.5074683427810669,1.0,SDFGn.DE,2014-01-08,Basic Materials
6525.0,0.5087714791297913,0.0,SDFGn.DE,2014-01-09,Basic Materials
6526.0,0.5090182423591614,1.0,SDFGn.DE,2014-01-10,Basic Materials
6527.0,0.5089284777641296,1.0,SDFGn.DE,2014-01-13,Basic Materials
6528.0,0.5086521506309509,1.0,SDFGn.DE,2014-01-14,Basic Materials
6529.0,0.5045763254165649,1.0,SDFGn.DE,2014-01-15,Basic Materials
6530.0,0.5040005445480347,1.0,SDFGn.DE,2014-01-16,Basic Materials
6531.0,0.5030405521392822,0.0,SDFGn.DE,2014-01-17,Basic Materials
6532.0,0.5015220046043396,0.0,SDFGn.DE,2014-01-20,Basic Materials
6533.0,0.5051716566085815,0.0,SDFGn.DE,2014-01-21,Basic Materials
6534.0,0.5045972466468811,0.0,SDFGn.DE,2014-01-22,Basic Materials
6535.0,0.5041550993919373,1.0,SDFGn.DE,2014-01-23,Basic Materials
6536.0,0.5039234757423401,0.0,SDFGn.DE,2014-01-24,Basic Materials
6537.0,0.5074096322059631,1.0,SDFGn.DE,2014-01-27,Basic Materials
6538.0,0.5109684467315674,0.0,SDFGn.DE,2014-01-28,Basic Materials
6539.0,0.5113866925239563,1.0,SDFGn.DE,2014-01-29,Basic Materials
6540.0,0.5070999264717102,0.0,SDFGn.DE,2014-01-30,Basic Materials
6541.0,0.5042843818664551,1.0,SDFGn.DE,2014-01-31,Basic Materials
6542.0,0.5017613768577576,1.0,SDFGn.DE,2014-02-03,Basic Materials
6543.0,0.49975401163101196,1.0,SDFGn.DE,2014-02-04,Basic Materials
6544.0,0.4991617500782013,0.0,SDFGn.DE,2014-02-05,Basic Materials
6545.0,0.49832308292388916,1.0,SDFGn.DE,2014-02-06,Basic Materials
6546.0,0.49775221943855286,1.0,SDFGn.DE,2014-02-07,Basic Materials
6547.0,0.49731898307800293,1.0,SDFGn.DE,2014-02-10,Basic Materials
6548.0,0.4975789189338684,0.0,SDFGn.DE,2014-02-11,Basic Materials
6549.0,0.4973506033420563,0.0,SDFGn.DE,2014-02-12,Basic Materials
6550.0,0.49774399399757385,0.0,SDFGn.DE,2014-02-13,Basic Materials
6551.0,0.49977922439575195,1.0,SDFGn.DE,2014-02-14,Basic Materials
6552.0,0.5006522536277771,0.0,SDFGn.DE,2014-02-17,Basic Materials
6553.0,0.500885546207428,0.0,SDFGn.DE,2014-02-18,Basic Materials
6554.0,0.5056649446487427,0.0,SDFGn.DE,2014-02-19,Basic Materials
6555.0,0.5075091123580933,1.0,SDFGn.DE,2014-02-20,Basic Materials
6556.0,0.5078404545783997,1.0,SDFGn.DE,2014-02-21,Basic Materials
6557.0,0.5081565380096436,0.0,SDFGn.DE,2014-02-24,Basic Materials
6558.0,0.5065438747406006,1.0,SDFGn.DE,2014-02-25,Basic Materials
6559.0,0.5038609504699707,1.0,SDFGn.DE,2014-02-26,Basic Materials
6560.0,0.5042862892150879,0.0,SDFGn.DE,2014-02-27,Basic Materials
6561.0,0.5030117630958557,0.0,SDFGn.DE,2014-02-28,Basic Materials
6562.0,0.5019056797027588,0.0,SDFGn.DE,2014-03-03,Basic Materials
6563.0,0.500755786895752,1.0,SDFGn.DE,2014-03-04,Basic Materials
6564.0,0.5006092190742493,1.0,SDFGn.DE,2014-03-05,Basic Materials
6565.0,0.5017477869987488,1.0,SDFGn.DE,2014-03-06,Basic Materials
6566.0,0.501997172832489,1.0,SDFGn.DE,2014-03-07,Basic Materials
6567.0,0.5024377703666687,1.0,SDFGn.DE,2014-03-10,Basic Materials
6568.0,0.5035372972488403,1.0,SDFGn.DE,2014-03-11,Basic Materials
6569.0,0.5007443428039551,0.0,SDFGn.DE,2014-03-12,Basic Materials
6570.0,0.5018619894981384,0.0,SDFGn.DE,2014-03-13,Basic Materials
6571.0,0.5034505724906921,0.0,SDFGn.DE,2014-03-14,Basic Materials
6572.0,0.5049784183502197,0.0,SDFGn.DE,2014-03-17,Basic Materials
6573.0,0.504075825214386,1.0,SDFGn.DE,2014-03-18,Basic Materials
6574.0,0.5032809376716614,0.0,SDFGn.DE,2014-03-19,Basic Materials
6575.0,0.5030460953712463,1.0,SDFGn.DE,2014-03-20,Basic Materials
6576.0,0.5014200806617737,1.0,SDFGn.DE,2014-03-21,Basic Materials
6577.0,0.5011270046234131,0.0,SDFGn.DE,2014-03-24,Basic Materials
6578.0,0.499099463224411,1.0,SDFGn.DE,2014-03-25,Basic Materials
6579.0,0.49899402260780334,1.0,SDFGn.DE,2014-03-26,Basic Materials
6580.0,0.5020827054977417,1.0,SDFGn.DE,2014-03-27,Basic Materials
6581.0,0.5032432675361633,0.0,SDFGn.DE,2014-03-28,Basic Materials
6582.0,0.5039054155349731,1.0,SDFGn.DE,2014-03-31,Basic Materials
6583.0,0.5043216347694397,0.0,SDFGn.DE,2014-04-01,Basic Materials
6584.0,0.5032981038093567,0.0,SDFGn.DE,2014-04-02,Basic Materials
6585.0,0.5040544867515564,0.0,SDFGn.DE,2014-04-03,Basic Materials
6586.0,0.5058950781822205,1.0,SDFGn.DE,2014-04-04,Basic Materials
6587.0,0.5073910355567932,0.0,SDFGn.DE,2014-04-07,Basic Materials
6588.0,0.5074772238731384,1.0,SDFGn.DE,2014-04-08,Basic Materials
6589.0,0.5067727565765381,0.0,SDFGn.DE,2014-04-09,Basic Materials
6590.0,0.5042161345481873,0.0,SDFGn.DE,2014-04-10,Basic Materials
6591.0,0.5027711391448975,1.0,SDFGn.DE,2014-04-11,Basic Materials
6592.0,0.5029420256614685,1.0,SDFGn.DE,2014-04-14,Basic Materials
6593.0,0.5016172528266907,1.0,SDFGn.DE,2014-04-15,Basic Materials
6594.0,0.5011666417121887,0.0,SDFGn.DE,2014-04-16,Basic Materials
6595.0,0.5007732510566711,0.0,SDFGn.DE,2014-04-17,Basic Materials
6596.0,0.4999622404575348,1.0,SDFGn.DE,2014-04-22,Basic Materials
6597.0,0.49936825037002563,1.0,SDFGn.DE,2014-04-23,Basic Materials
6598.0,0.5012688636779785,1.0,SDFGn.DE,2014-04-24,Basic Materials
6599.0,0.5011468529701233,1.0,SDFGn.DE,2014-04-25,Basic Materials
6600.0,0.5013262033462524,1.0,SDFGn.DE,2014-04-28,Basic Materials
6601.0,0.5017877817153931,1.0,SDFGn.DE,2014-04-29,Basic Materials
6602.0,0.5022780895233154,1.0,SDFGn.DE,2014-04-30,Basic Materials
6603.0,0.5026895403862,0.0,SDFGn.DE,2014-05-02,Basic Materials
6604.0,0.5041012763977051,1.0,SDFGn.DE,2014-05-05,Basic Materials
6605.0,0.5043002963066101,1.0,SDFGn.DE,2014-05-06,Basic Materials
6606.0,0.5043907761573792,1.0,SDFGn.DE,2014-05-07,Basic Materials
6607.0,0.5036563277244568,0.0,SDFGn.DE,2014-05-08,Basic Materials
6608.0,0.503332793712616,1.0,SDFGn.DE,2014-05-09,Basic Materials
6609.0,0.5039618611335754,1.0,SDFGn.DE,2014-05-12,Basic Materials
6610.0,0.5056438446044922,1.0,SDFGn.DE,2014-05-13,Basic Materials
6611.0,0.5073546171188354,1.0,SDFGn.DE,2014-05-14,Basic Materials
6612.0,0.5059024095535278,1.0,SDFGn.DE,2014-05-15,Basic Materials
6613.0,0.5043491125106812,0.0,SDFGn.DE,2014-05-16,Basic Materials
6614.0,0.502798855304718,1.0,SDFGn.DE,2014-05-19,Basic Materials
6615.0,0.5018436312675476,0.0,SDFGn.DE,2014-05-20,Basic Materials
6616.0,0.5016272068023682,0.0,SDFGn.DE,2014-05-21,Basic Materials
6617.0,0.5027799606323242,1.0,SDFGn.DE,2014-05-22,Basic Materials
6618.0,0.5041595697402954,0.0,SDFGn.DE,2014-05-23,Basic Materials
6619.0,0.5042438507080078,0.0,SDFGn.DE,2014-05-26,Basic Materials
6620.0,0.5040314793586731,0.0,SDFGn.DE,2014-05-27,Basic Materials
6621.0,0.5033407211303711,0.0,SDFGn.DE,2014-05-28,Basic Materials
6622.0,0.5014163851737976,1.0,SDFGn.DE,2014-05-29,Basic Materials
6623.0,0.5015950798988342,0.0,SDFGn.DE,2014-05-30,Basic Materials
6624.0,0.5005221962928772,1.0,SDFGn.DE,2014-06-02,Basic Materials
6625.0,0.4996121823787689,0.0,SDFGn.DE,2014-06-03,Basic Materials
6626.0,0.4993463456630707,1.0,SDFGn.DE,2014-06-04,Basic Materials
6627.0,0.49904802441596985,0.0,SDFGn.DE,2014-06-05,Basic Materials
6628.0,0.49966511130332947,1.0,SDFGn.DE,2014-06-06,Basic Materials
6629.0,0.4997398257255554,0.0,SDFGn.DE,2014-06-09,Basic Materials
6630.0,0.49901527166366577,1.0,SDFGn.DE,2014-06-10,Basic Materials
6631.0,0.49883851408958435,0.0,SDFGn.DE,2014-06-11,Basic Materials
6632.0,0.4980669915676117,1.0,SDFGn.DE,2014-06-12,Basic Materials
6633.0,0.498047798871994,0.0,SDFGn.DE,2014-06-13,Basic Materials
6634.0,0.4972425103187561,0.0,SDFGn.DE,2014-06-16,Basic Materials
6635.0,0.49774640798568726,0.0,SDFGn.DE,2014-06-17,Basic Materials
6636.0,0.49795252084732056,1.0,SDFGn.DE,2014-06-18,Basic Materials
6637.0,0.49915313720703125,0.0,SDFGn.DE,2014-06-19,Basic Materials
6638.0,0.49912798404693604,1.0,SDFGn.DE,2014-06-20,Basic Materials
6639.0,0.50075364112854,0.0,SDFGn.DE,2014-06-23,Basic Materials
6640.0,0.5003032684326172,1.0,SDFGn.DE,2014-06-24,Basic Materials
6641.0,0.5001749992370605,0.0,SDFGn.DE,2014-06-25,Basic Materials
6642.0,0.49971190094947815,0.0,SDFGn.DE,2014-06-26,Basic Materials
6643.0,0.4994910955429077,1.0,SDFGn.DE,2014-06-27,Basic Materials
6644.0,0.4995875060558319,1.0,SDFGn.DE,2014-06-30,Basic Materials
6645.0,0.5004725456237793,1.0,SDFGn.DE,2014-07-01,Basic Materials
6646.0,0.5011127591133118,0.0,SDFGn.DE,2014-07-02,Basic Materials
6647.0,0.5014073848724365,1.0,SDFGn.DE,2014-07-03,Basic Materials
6648.0,0.5002697706222534,0.0,SDFGn.DE,2014-07-04,Basic Materials
6649.0,0.501148521900177,1.0,SDFGn.DE,2014-07-07,Basic Materials
6650.0,0.5003442168235779,0.0,SDFGn.DE,2014-07-08,Basic Materials
6651.0,0.4990168809890747,1.0,SDFGn.DE,2014-07-09,Basic Materials
6652.0,0.49910005927085876,0.0,SDFGn.DE,2014-07-10,Basic Materials
6653.0,0.49966859817504883,0.0,SDFGn.DE,2014-07-11,Basic Materials
6654.0,0.5005950331687927,0.0,SDFGn.DE,2014-07-14,Basic Materials
6655.0,0.5007626414299011,1.0,SDFGn.DE,2014-07-15,Basic Materials
6656.0,0.5028674006462097,0.0,SDFGn.DE,2014-07-16,Basic Materials
6657.0,0.5029735565185547,0.0,SDFGn.DE,2014-07-17,Basic Materials
6658.0,0.5020780563354492,1.0,SDFGn.DE,2014-07-18,Basic Materials
6659.0,0.5003334879875183,0.0,SDFGn.DE,2014-07-21,Basic Materials
6660.0,0.4998660683631897,1.0,SDFGn.DE,2014-07-22,Basic Materials
6661.0,0.4986758828163147,1.0,SDFGn.DE,2014-07-23,Basic Materials
6662.0,0.49823814630508423,1.0,SDFGn.DE,2014-07-24,Basic Materials
6663.0,0.49893850088119507,0.0,SDFGn.DE,2014-07-25,Basic Materials
6664.0,0.49967727065086365,1.0,SDFGn.DE,2014-07-28,Basic Materials
6665.0,0.49996134638786316,1.0,SDFGn.DE,2014-07-29,Basic Materials
6666.0,0.49945613741874695,0.0,SDFGn.DE,2014-07-30,Basic Materials
6667.0,0.499659925699234,0.0,SDFGn.DE,2014-07-31,Basic Materials
6668.0,0.4990381896495819,0.0,SDFGn.DE,2014-08-01,Basic Materials
6669.0,0.5000017881393433,1.0,SDFGn.DE,2014-08-04,Basic Materials
6670.0,0.5010578036308289,1.0,SDFGn.DE,2014-08-05,Basic Materials
6671.0,0.5044516324996948,1.0,SDFGn.DE,2014-08-06,Basic Materials
6672.0,0.5038820505142212,1.0,SDFGn.DE,2014-08-07,Basic Materials
6673.0,0.5045521855354309,1.0,SDFGn.DE,2014-08-08,Basic Materials
6674.0,0.5048720240592957,1.0,SDFGn.DE,2014-08-11,Basic Materials
6675.0,0.5034870505332947,1.0,SDFGn.DE,2014-08-12,Basic Materials
6676.0,0.5010648369789124,1.0,SDFGn.DE,2014-08-13,Basic Materials
6677.0,0.4989445209503174,0.0,SDFGn.DE,2014-08-14,Basic Materials
6678.0,0.49801480770111084,0.0,SDFGn.DE,2014-08-15,Basic Materials
6679.0,0.4990506172180176,1.0,SDFGn.DE,2014-08-18,Basic Materials
6680.0,0.5000943541526794,0.0,SDFGn.DE,2014-08-19,Basic Materials
6681.0,0.5004712343215942,1.0,SDFGn.DE,2014-08-20,Basic Materials
6682.0,0.5026088356971741,0.0,SDFGn.DE,2014-08-21,Basic Materials
6683.0,0.5061028003692627,1.0,SDFGn.DE,2014-08-22,Basic Materials
6684.0,0.5061837434768677,0.0,SDFGn.DE,2014-08-25,Basic Materials
6685.0,0.5065571069717407,1.0,SDFGn.DE,2014-08-26,Basic Materials
6686.0,0.505604088306427,0.0,SDFGn.DE,2014-08-27,Basic Materials
6687.0,0.5029724836349487,0.0,SDFGn.DE,2014-08-28,Basic Materials
6688.0,0.5034977793693542,0.0,SDFGn.DE,2014-08-29,Basic Materials
6689.0,0.5034317374229431,1.0,SDFGn.DE,2014-09-01,Basic Materials
6690.0,0.5034230351448059,0.0,SDFGn.DE,2014-09-02,Basic Materials
6691.0,0.5018637776374817,1.0,SDFGn.DE,2014-09-03,Basic Materials
6692.0,0.5009774565696716,0.0,SDFGn.DE,2014-09-04,Basic Materials
6693.0,0.5009664297103882,1.0,SDFGn.DE,2014-09-05,Basic Materials
6694.0,0.5020373463630676,0.0,SDFGn.DE,2014-09-08,Basic Materials
6695.0,0.502106785774231,1.0,SDFGn.DE,2014-09-09,Basic Materials
6696.0,0.5010805726051331,1.0,SDFGn.DE,2014-09-10,Basic Materials
6697.0,0.5000612139701843,1.0,SDFGn.DE,2014-09-11,Basic Materials
6698.0,0.5003823041915894,0.0,SDFGn.DE,2014-09-12,Basic Materials
6699.0,0.5001430511474609,0.0,SDFGn.DE,2014-09-15,Basic Materials
6700.0,0.5012726783752441,0.0,SDFGn.DE,2014-09-16,Basic Materials
6701.0,0.5018761157989502,0.0,SDFGn.DE,2014-09-17,Basic Materials
6702.0,0.5026670098304749,0.0,SDFGn.DE,2014-09-18,Basic Materials
6703.0,0.5024245977401733,1.0,SDFGn.DE,2014-09-19,Basic Materials
6704.0,0.5016460418701172,0.0,SDFGn.DE,2014-09-22,Basic Materials
6705.0,0.5013250112533569,0.0,SDFGn.DE,2014-09-23,Basic Materials
6706.0,0.5028477311134338,0.0,SDFGn.DE,2014-09-24,Basic Materials
6707.0,0.5019027590751648,0.0,SDFGn.DE,2014-09-25,Basic Materials
6708.0,0.5012531280517578,0.0,SDFGn.DE,2014-09-26,Basic Materials
6709.0,0.5000730156898499,1.0,SDFGn.DE,2014-09-29,Basic Materials
6710.0,0.49970051646232605,1.0,SDFGn.DE,2014-09-30,Basic Materials
6711.0,0.49987494945526123,0.0,SDFGn.DE,2014-10-01,Basic Materials
6712.0,0.5004432797431946,0.0,SDFGn.DE,2014-10-02,Basic Materials
6713.0,0.4999042749404907,1.0,SDFGn.DE,2014-10-06,Basic Materials
6714.0,0.49877211451530457,0.0,SDFGn.DE,2014-10-07,Basic Materials
6715.0,0.49742230772972107,0.0,SDFGn.DE,2014-10-08,Basic Materials
6716.0,0.4964883029460907,0.0,SDFGn.DE,2014-10-09,Basic Materials
6717.0,0.4964963495731354,0.0,SDFGn.DE,2014-10-10,Basic Materials
6718.0,0.4967818260192871,0.0,SDFGn.DE,2014-10-13,Basic Materials
6719.0,0.49762973189353943,1.0,SDFGn.DE,2014-10-14,Basic Materials
6720.0,0.4972214698791504,1.0,SDFGn.DE,2014-10-15,Basic Materials
6721.0,0.49643945693969727,0.0,SDFGn.DE,2014-10-16,Basic Materials
6722.0,0.4971180856227875,0.0,SDFGn.DE,2014-10-17,Basic Materials
6723.0,0.4971790313720703,1.0,SDFGn.DE,2014-10-20,Basic Materials
6724.0,0.49696409702301025,1.0,SDFGn.DE,2014-10-21,Basic Materials
6725.0,0.49685415625572205,0.0,SDFGn.DE,2014-10-22,Basic Materials
6726.0,0.49637970328330994,1.0,SDFGn.DE,2014-10-23,Basic Materials
6727.0,0.4963974356651306,0.0,SDFGn.DE,2014-10-24,Basic Materials
6728.0,0.4978577494621277,0.0,SDFGn.DE,2014-10-27,Basic Materials
6729.0,0.49842190742492676,1.0,SDFGn.DE,2014-10-28,Basic Materials
6730.0,0.49867039918899536,1.0,SDFGn.DE,2014-10-29,Basic Materials
6731.0,0.5011862516403198,1.0,SDFGn.DE,2014-10-30,Basic Materials
6732.0,0.5016592741012573,0.0,SDFGn.DE,2014-10-31,Basic Materials
6733.0,0.50532066822052,0.0,SDFGn.DE,2014-11-03,Basic Materials
6734.0,0.5060606598854065,1.0,SDFGn.DE,2014-11-04,Basic Materials
6735.0,0.5074864625930786,1.0,SDFGn.DE,2014-11-05,Basic Materials
6736.0,0.5062757134437561,1.0,SDFGn.DE,2014-11-06,Basic Materials
6737.0,0.504184365272522,1.0,SDFGn.DE,2014-11-07,Basic Materials
6738.0,0.5048533082008362,1.0,SDFGn.DE,2014-11-10,Basic Materials
6739.0,0.5080390572547913,0.0,SDFGn.DE,2014-11-11,Basic Materials
6740.0,0.5084301233291626,1.0,SDFGn.DE,2014-11-12,Basic Materials
6741.0,0.5081940293312073,1.0,SDFGn.DE,2014-11-13,Basic Materials
6742.0,0.5061325430870056,0.0,SDFGn.DE,2014-11-14,Basic Materials
6743.0,0.5041889548301697,1.0,SDFGn.DE,2014-11-17,Basic Materials
6744.0,0.5040827989578247,1.0,SDFGn.DE,2014-11-18,Basic Materials
6745.0,0.5044863224029541,1.0,SDFGn.DE,2014-11-19,Basic Materials
6746.0,0.5032147765159607,0.0,SDFGn.DE,2014-11-20,Basic Materials
6747.0,0.5032954812049866,0.0,SDFGn.DE,2014-11-21,Basic Materials
6748.0,0.5025646090507507,0.0,SDFGn.DE,2014-11-24,Basic Materials
6749.0,0.5011160373687744,0.0,SDFGn.DE,2014-11-25,Basic Materials
6750.0,0.5022850632667542,0.0,SIEGn.DE,2013-11-28,Industrials
6751.0,0.5020626783370972,0.0,SIEGn.DE,2013-11-29,Industrials
6752.0,0.501207172870636,1.0,SIEGn.DE,2013-12-02,Industrials
6753.0,0.5012035965919495,0.0,SIEGn.DE,2013-12-03,Industrials
6754.0,0.5004533529281616,0.0,SIEGn.DE,2013-12-04,Industrials
6755.0,0.5017497539520264,0.0,SIEGn.DE,2013-12-05,Industrials
6756.0,0.5015296936035156,1.0,SIEGn.DE,2013-12-06,Industrials
6757.0,0.49889832735061646,0.0,SIEGn.DE,2013-12-09,Industrials
6758.0,0.4979300796985626,1.0,SIEGn.DE,2013-12-10,Industrials
6759.0,0.49740397930145264,1.0,SIEGn.DE,2013-12-11,Industrials
6760.0,0.4984671473503113,1.0,SIEGn.DE,2013-12-12,Industrials
6761.0,0.49915453791618347,0.0,SIEGn.DE,2013-12-13,Industrials
6762.0,0.49931710958480835,1.0,SIEGn.DE,2013-12-16,Industrials
6763.0,0.4993186593055725,0.0,SIEGn.DE,2013-12-17,Industrials
6764.0,0.4993622899055481,0.0,SIEGn.DE,2013-12-18,Industrials
6765.0,0.4993290305137634,1.0,SIEGn.DE,2013-12-19,Industrials
6766.0,0.501742422580719,1.0,SIEGn.DE,2013-12-20,Industrials
6767.0,0.5016631484031677,1.0,SIEGn.DE,2013-12-23,Industrials
6768.0,0.5017372965812683,1.0,SIEGn.DE,2013-12-27,Industrials
6769.0,0.5034498572349548,0.0,SIEGn.DE,2013-12-30,Industrials
6770.0,0.5040456652641296,1.0,SIEGn.DE,2014-01-02,Industrials
6771.0,0.5045512914657593,0.0,SIEGn.DE,2014-01-03,Industrials
6772.0,0.5048912167549133,0.0,SIEGn.DE,2014-01-06,Industrials
6773.0,0.5050851106643677,1.0,SIEGn.DE,2014-01-07,Industrials
6774.0,0.5051605701446533,0.0,SIEGn.DE,2014-01-08,Industrials
6775.0,0.5052579641342163,1.0,SIEGn.DE,2014-01-09,Industrials
6776.0,0.5036296844482422,0.0,SIEGn.DE,2014-01-10,Industrials
6777.0,0.5018023252487183,1.0,SIEGn.DE,2014-01-13,Industrials
6778.0,0.5001971125602722,0.0,SIEGn.DE,2014-01-14,Industrials
6779.0,0.49930596351623535,1.0,SIEGn.DE,2014-01-15,Industrials
6780.0,0.49935439229011536,0.0,SIEGn.DE,2014-01-16,Industrials
6781.0,0.4992406964302063,1.0,SIEGn.DE,2014-01-17,Industrials
6782.0,0.4995887577533722,0.0,SIEGn.DE,2014-01-20,Industrials
6783.0,0.499007910490036,0.0,SIEGn.DE,2014-01-21,Industrials
6784.0,0.4984736442565918,0.0,SIEGn.DE,2014-01-22,Industrials
6785.0,0.49856841564178467,1.0,SIEGn.DE,2014-01-23,Industrials
6786.0,0.49920654296875,1.0,SIEGn.DE,2014-01-24,Industrials
6787.0,0.4997138977050781,1.0,SIEGn.DE,2014-01-27,Industrials
6788.0,0.5020327568054199,1.0,SIEGn.DE,2014-01-28,Industrials
6789.0,0.5016397833824158,0.0,SIEGn.DE,2014-01-29,Industrials
6790.0,0.5016880631446838,0.0,SIEGn.DE,2014-01-30,Industrials
6791.0,0.5013801455497742,1.0,SIEGn.DE,2014-01-31,Industrials
6792.0,0.5008153915405273,0.0,SIEGn.DE,2014-02-03,Industrials
6793.0,0.49967437982559204,0.0,SIEGn.DE,2014-02-04,Industrials
6794.0,0.4989985227584839,1.0,SIEGn.DE,2014-02-05,Industrials
6795.0,0.498076856136322,0.0,SIEGn.DE,2014-02-06,Industrials
6796.0,0.4986899793148041,0.0,SIEGn.DE,2014-02-07,Industrials
6797.0,0.500346839427948,0.0,SIEGn.DE,2014-02-10,Industrials
6798.0,0.500345766544342,0.0,SIEGn.DE,2014-02-11,Industrials
6799.0,0.499911904335022,0.0,SIEGn.DE,2014-02-12,Industrials
6800.0,0.49972933530807495,0.0,SIEGn.DE,2014-02-13,Industrials
6801.0,0.4990622103214264,1.0,SIEGn.DE,2014-02-14,Industrials
6802.0,0.4984866678714752,1.0,SIEGn.DE,2014-02-17,Industrials
6803.0,0.49871858954429626,0.0,SIEGn.DE,2014-02-18,Industrials
6804.0,0.4997680187225342,1.0,SIEGn.DE,2014-02-19,Industrials
6805.0,0.5006373524665833,1.0,SIEGn.DE,2014-02-20,Industrials
6806.0,0.5008549690246582,0.0,SIEGn.DE,2014-02-21,Industrials
6807.0,0.501564085483551,1.0,SIEGn.DE,2014-02-24,Industrials
6808.0,0.5019164681434631,1.0,SIEGn.DE,2014-02-25,Industrials
6809.0,0.5017327070236206,1.0,SIEGn.DE,2014-02-26,Industrials
6810.0,0.5020784139633179,0.0,SIEGn.DE,2014-02-27,Industrials
6811.0,0.5022145509719849,1.0,SIEGn.DE,2014-02-28,Industrials
6812.0,0.5014449954032898,0.0,SIEGn.DE,2014-03-03,Industrials
6813.0,0.5013222694396973,1.0,SIEGn.DE,2014-03-04,Industrials
6814.0,0.5009936094284058,1.0,SIEGn.DE,2014-03-05,Industrials
6815.0,0.5006042122840881,0.0,SIEGn.DE,2014-03-06,Industrials
6816.0,0.5010185241699219,0.0,SIEGn.DE,2014-03-07,Industrials
6817.0,0.5018827319145203,0.0,SIEGn.DE,2014-03-10,Industrials
6818.0,0.5017915368080139,1.0,SIEGn.DE,2014-03-11,Industrials
6819.0,0.49922433495521545,0.0,SIEGn.DE,2014-03-12,Industrials
6820.0,0.5003186464309692,0.0,SIEGn.DE,2014-03-13,Industrials
6821.0,0.5009017586708069,1.0,SIEGn.DE,2014-03-14,Industrials
6822.0,0.5010220408439636,1.0,SIEGn.DE,2014-03-17,Industrials
6823.0,0.4997510015964508,1.0,SIEGn.DE,2014-03-18,Industrials
6824.0,0.4988206624984741,0.0,SIEGn.DE,2014-03-19,Industrials
6825.0,0.49947094917297363,1.0,SIEGn.DE,2014-03-20,Industrials
6826.0,0.4990118741989136,1.0,SIEGn.DE,2014-03-21,Industrials
6827.0,0.4982500672340393,0.0,SIEGn.DE,2014-03-24,Industrials
6828.0,0.4991561770439148,1.0,SIEGn.DE,2014-03-25,Industrials
6829.0,0.5024574398994446,0.0,SIEGn.DE,2014-03-26,Industrials
6830.0,0.5044621825218201,0.0,SIEGn.DE,2014-03-27,Industrials
6831.0,0.5043436884880066,1.0,SIEGn.DE,2014-03-28,Industrials
6832.0,0.50562584400177,0.0,SIEGn.DE,2014-03-31,Industrials
6833.0,0.5065008997917175,0.0,SIEGn.DE,2014-04-01,Industrials
6834.0,0.504355251789093,1.0,SIEGn.DE,2014-04-02,Industrials
6835.0,0.5045733451843262,1.0,SIEGn.DE,2014-04-03,Industrials
6836.0,0.5044976472854614,1.0,SIEGn.DE,2014-04-04,Industrials
6837.0,0.5038657188415527,0.0,SIEGn.DE,2014-04-07,Industrials
6838.0,0.5042822360992432,1.0,SIEGn.DE,2014-04-08,Industrials
6839.0,0.5030187964439392,0.0,SIEGn.DE,2014-04-09,Industrials
6840.0,0.5022231340408325,0.0,SIEGn.DE,2014-04-10,Industrials
6841.0,0.5023044347763062,1.0,SIEGn.DE,2014-04-11,Industrials
6842.0,0.5026757121086121,0.0,SIEGn.DE,2014-04-14,Industrials
6843.0,0.5010638236999512,1.0,SIEGn.DE,2014-04-15,Industrials
6844.0,0.500751256942749,1.0,SIEGn.DE,2014-04-16,Industrials
6845.0,0.5007178783416748,0.0,SIEGn.DE,2014-04-17,Industrials
6846.0,0.5001254081726074,0.0,SIEGn.DE,2014-04-22,Industrials
6847.0,0.4994930624961853,0.0,SIEGn.DE,2014-04-23,Industrials
6848.0,0.4992624819278717,1.0,SIEGn.DE,2014-04-24,Industrials
6849.0,0.49856165051460266,0.0,SIEGn.DE,2014-04-25,Industrials
6850.0,0.4997389316558838,0.0,SIEGn.DE,2014-04-28,Industrials
6851.0,0.500920832157135,0.0,SIEGn.DE,2014-04-29,Industrials
6852.0,0.5019092559814453,1.0,SIEGn.DE,2014-04-30,Industrials
6853.0,0.5026645064353943,0.0,SIEGn.DE,2014-05-02,Industrials
6854.0,0.5038944482803345,1.0,SIEGn.DE,2014-05-05,Industrials
6855.0,0.5026682019233704,0.0,SIEGn.DE,2014-05-06,Industrials
6856.0,0.5019217729568481,1.0,SIEGn.DE,2014-05-07,Industrials
6857.0,0.5004957914352417,0.0,SIEGn.DE,2014-05-08,Industrials
6858.0,0.49875590205192566,1.0,SIEGn.DE,2014-05-09,Industrials
6859.0,0.49856114387512207,1.0,SIEGn.DE,2014-05-12,Industrials
6860.0,0.4994293749332428,1.0,SIEGn.DE,2014-05-13,Industrials
6861.0,0.5005965828895569,0.0,SIEGn.DE,2014-05-14,Industrials
6862.0,0.5004680156707764,0.0,SIEGn.DE,2014-05-15,Industrials
6863.0,0.5005554556846619,0.0,SIEGn.DE,2014-05-16,Industrials
6864.0,0.5003830790519714,0.0,SIEGn.DE,2014-05-19,Industrials
6865.0,0.5019062757492065,0.0,SIEGn.DE,2014-05-20,Industrials
6866.0,0.5030295252799988,0.0,SIEGn.DE,2014-05-21,Industrials
6867.0,0.5029149651527405,1.0,SIEGn.DE,2014-05-22,Industrials
6868.0,0.5041757225990295,1.0,SIEGn.DE,2014-05-23,Industrials
6869.0,0.5048755407333374,1.0,SIEGn.DE,2014-05-26,Industrials
6870.0,0.5034723281860352,0.0,SIEGn.DE,2014-05-27,Industrials
6871.0,0.5012308359146118,1.0,SIEGn.DE,2014-05-28,Industrials
6872.0,0.5000236630439758,0.0,SIEGn.DE,2014-05-29,Industrials
6873.0,0.49937161803245544,0.0,SIEGn.DE,2014-05-30,Industrials
6874.0,0.49859410524368286,1.0,SIEGn.DE,2014-06-02,Industrials
6875.0,0.4984601140022278,0.0,SIEGn.DE,2014-06-03,Industrials
6876.0,0.4992166757583618,1.0,SIEGn.DE,2014-06-04,Industrials
6877.0,0.500525951385498,1.0,SIEGn.DE,2014-06-05,Industrials
6878.0,0.5019681453704834,1.0,SIEGn.DE,2014-06-06,Industrials
6879.0,0.5021366477012634,1.0,SIEGn.DE,2014-06-09,Industrials
6880.0,0.5023496150970459,1.0,SIEGn.DE,2014-06-10,Industrials
6881.0,0.5019285678863525,0.0,SIEGn.DE,2014-06-11,Industrials
6882.0,0.5012742280960083,0.0,SIEGn.DE,2014-06-12,Industrials
6883.0,0.5012344121932983,1.0,SIEGn.DE,2014-06-13,Industrials
6884.0,0.5007691979408264,1.0,SIEGn.DE,2014-06-16,Industrials
6885.0,0.5007796883583069,1.0,SIEGn.DE,2014-06-17,Industrials
6886.0,0.5011856555938721,0.0,SIEGn.DE,2014-06-18,Industrials
6887.0,0.501487672328949,1.0,SIEGn.DE,2014-06-19,Industrials
6888.0,0.5017027258872986,1.0,SIEGn.DE,2014-06-20,Industrials
6889.0,0.5017267465591431,0.0,SIEGn.DE,2014-06-23,Industrials
6890.0,0.5008080005645752,0.0,SIEGn.DE,2014-06-24,Industrials
6891.0,0.5002352595329285,1.0,SIEGn.DE,2014-06-25,Industrials
6892.0,0.49997514486312866,0.0,SIEGn.DE,2014-06-26,Industrials
6893.0,0.4998779892921448,0.0,SIEGn.DE,2014-06-27,Industrials
6894.0,0.5000622868537903,1.0,SIEGn.DE,2014-06-30,Industrials
6895.0,0.4999159872531891,0.0,SIEGn.DE,2014-07-01,Industrials
6896.0,0.500639021396637,0.0,SIEGn.DE,2014-07-02,Industrials
6897.0,0.5009998679161072,1.0,SIEGn.DE,2014-07-03,Industrials
6898.0,0.4999503493309021,0.0,SIEGn.DE,2014-07-04,Industrials
6899.0,0.4995005130767822,0.0,SIEGn.DE,2014-07-07,Industrials
6900.0,0.4988655149936676,0.0,SIEGn.DE,2014-07-08,Industrials
6901.0,0.4981587529182434,1.0,SIEGn.DE,2014-07-09,Industrials
6902.0,0.4978274703025818,0.0,SIEGn.DE,2014-07-10,Industrials
6903.0,0.49833959341049194,0.0,SIEGn.DE,2014-07-11,Industrials
6904.0,0.4988909661769867,1.0,SIEGn.DE,2014-07-14,Industrials
6905.0,0.499279648065567,0.0,SIEGn.DE,2014-07-15,Industrials
6906.0,0.5004448890686035,1.0,SIEGn.DE,2014-07-16,Industrials
6907.0,0.5006791353225708,0.0,SIEGn.DE,2014-07-17,Industrials
6908.0,0.4997791647911072,0.0,SIEGn.DE,2014-07-18,Industrials
6909.0,0.4984767436981201,1.0,SIEGn.DE,2014-07-21,Industrials
6910.0,0.49848058819770813,1.0,SIEGn.DE,2014-07-22,Industrials
6911.0,0.4978673458099365,0.0,SIEGn.DE,2014-07-23,Industrials
6912.0,0.4978604018688202,0.0,SIEGn.DE,2014-07-24,Industrials
6913.0,0.4990326166152954,0.0,SIEGn.DE,2014-07-25,Industrials
6914.0,0.4989844262599945,1.0,SIEGn.DE,2014-07-28,Industrials
6915.0,0.5007659792900085,0.0,SIEGn.DE,2014-07-29,Industrials
6916.0,0.5005620718002319,0.0,SIEGn.DE,2014-07-30,Industrials
6917.0,0.5002778768539429,1.0,SIEGn.DE,2014-07-31,Industrials
6918.0,0.49968212842941284,0.0,SIEGn.DE,2014-08-01,Industrials
6919.0,0.5012454390525818,0.0,SIEGn.DE,2014-08-04,Industrials
6920.0,0.5021138191223145,1.0,SIEGn.DE,2014-08-05,Industrials
6921.0,0.5026795268058777,1.0,SIEGn.DE,2014-08-06,Industrials
6922.0,0.5016770362854004,0.0,SIEGn.DE,2014-08-07,Industrials
6923.0,0.501302182674408,0.0,SIEGn.DE,2014-08-08,Industrials
6924.0,0.5014101266860962,0.0,SIEGn.DE,2014-08-11,Industrials
6925.0,0.5008012652397156,0.0,SIEGn.DE,2014-08-12,Industrials
6926.0,0.500368595123291,1.0,SIEGn.DE,2014-08-13,Industrials
6927.0,0.4990459084510803,1.0,SIEGn.DE,2014-08-14,Industrials
6928.0,0.49838751554489136,1.0,SIEGn.DE,2014-08-15,Industrials
6929.0,0.4988108277320862,0.0,SIEGn.DE,2014-08-18,Industrials
6930.0,0.49936944246292114,0.0,SIEGn.DE,2014-08-19,Industrials
6931.0,0.49915891885757446,1.0,SIEGn.DE,2014-08-20,Industrials
6932.0,0.4990294277667999,1.0,SIEGn.DE,2014-08-21,Industrials
6933.0,0.5005443692207336,0.0,SIEGn.DE,2014-08-22,Industrials
6934.0,0.5003122091293335,1.0,SIEGn.DE,2014-08-25,Industrials
6935.0,0.5017284750938416,1.0,SIEGn.DE,2014-08-26,Industrials
6936.0,0.5026896595954895,0.0,SIEGn.DE,2014-08-27,Industrials
6937.0,0.502049446105957,0.0,SIEGn.DE,2014-08-28,Industrials
6938.0,0.5028381943702698,1.0,SIEGn.DE,2014-08-29,Industrials
6939.0,0.5033631920814514,1.0,SIEGn.DE,2014-09-01,Industrials
6940.0,0.5032714605331421,1.0,SIEGn.DE,2014-09-02,Industrials
6941.0,0.5044754147529602,0.0,SIEGn.DE,2014-09-03,Industrials
6942.0,0.5033130049705505,1.0,SIEGn.DE,2014-09-04,Industrials
6943.0,0.5046125650405884,0.0,SIEGn.DE,2014-09-05,Industrials
6944.0,0.5048591494560242,0.0,SIEGn.DE,2014-09-08,Industrials
6945.0,0.5038632750511169,1.0,SIEGn.DE,2014-09-09,Industrials
6946.0,0.5021595358848572,0.0,SIEGn.DE,2014-09-10,Industrials
6947.0,0.501299262046814,1.0,SIEGn.DE,2014-09-11,Industrials
6948.0,0.5009784698486328,0.0,SIEGn.DE,2014-09-12,Industrials
6949.0,0.5010976791381836,1.0,SIEGn.DE,2014-09-15,Industrials
6950.0,0.5017842650413513,1.0,SIEGn.DE,2014-09-16,Industrials
6951.0,0.5028759837150574,1.0,SIEGn.DE,2014-09-17,Industrials
6952.0,0.5026348233222961,0.0,SIEGn.DE,2014-09-18,Industrials
6953.0,0.5018469095230103,0.0,SIEGn.DE,2014-09-19,Industrials
6954.0,0.5012538433074951,1.0,SIEGn.DE,2014-09-22,Industrials
6955.0,0.500565767288208,0.0,SIEGn.DE,2014-09-23,Industrials
6956.0,0.5000815987586975,0.0,SIEGn.DE,2014-09-24,Industrials
6957.0,0.4995671510696411,0.0,SIEGn.DE,2014-09-25,Industrials
6958.0,0.4995998740196228,1.0,SIEGn.DE,2014-09-26,Industrials
6959.0,0.4998669922351837,1.0,SIEGn.DE,2014-09-29,Industrials
6960.0,0.5003551840782166,1.0,SIEGn.DE,2014-09-30,Industrials
6961.0,0.5001742839813232,0.0,SIEGn.DE,2014-10-01,Industrials
6962.0,0.49921175837516785,0.0,SIEGn.DE,2014-10-02,Industrials
6963.0,0.4986521601676941,0.0,SIEGn.DE,2014-10-06,Industrials
6964.0,0.4977394938468933,0.0,SIEGn.DE,2014-10-07,Industrials
6965.0,0.49786311388015747,0.0,SIEGn.DE,2014-10-08,Industrials
6966.0,0.4975341260433197,1.0,SIEGn.DE,2014-10-09,Industrials
6967.0,0.49815815687179565,0.0,SIEGn.DE,2014-10-10,Industrials
6968.0,0.49843746423721313,1.0,SIEGn.DE,2014-10-13,Industrials
6969.0,0.49951449036598206,1.0,SIEGn.DE,2014-10-14,Industrials
6970.0,0.4993593394756317,0.0,SIEGn.DE,2014-10-15,Industrials
6971.0,0.49844032526016235,1.0,SIEGn.DE,2014-10-16,Industrials
6972.0,0.49756279587745667,0.0,SIEGn.DE,2014-10-17,Industrials
6973.0,0.4966808259487152,1.0,SIEGn.DE,2014-10-20,Industrials
6974.0,0.4961276054382324,1.0,SIEGn.DE,2014-10-21,Industrials
6975.0,0.49664106965065,0.0,SIEGn.DE,2014-10-22,Industrials
6976.0,0.4963088929653168,1.0,SIEGn.DE,2014-10-23,Industrials
6977.0,0.49702557921409607,1.0,SIEGn.DE,2014-10-24,Industrials
6978.0,0.4980720579624176,1.0,SIEGn.DE,2014-10-27,Industrials
6979.0,0.4978358745574951,1.0,SIEGn.DE,2014-10-28,Industrials
6980.0,0.498178094625473,0.0,SIEGn.DE,2014-10-29,Industrials
6981.0,0.5002779960632324,0.0,SIEGn.DE,2014-10-30,Industrials
6982.0,0.5005473494529724,1.0,SIEGn.DE,2014-10-31,Industrials
6983.0,0.5030348300933838,0.0,SIEGn.DE,2014-11-03,Industrials
6984.0,0.5038248300552368,0.0,SIEGn.DE,2014-11-04,Industrials
6985.0,0.5048603415489197,0.0,SIEGn.DE,2014-11-05,Industrials
6986.0,0.5042526125907898,0.0,SIEGn.DE,2014-11-06,Industrials
6987.0,0.5032310485839844,0.0,SIEGn.DE,2014-11-07,Industrials
6988.0,0.5039525628089905,0.0,SIEGn.DE,2014-11-10,Industrials
6989.0,0.5040078163146973,1.0,SIEGn.DE,2014-11-11,Industrials
6990.0,0.5036290884017944,1.0,SIEGn.DE,2014-11-12,Industrials
6991.0,0.5055214166641235,1.0,SIEGn.DE,2014-11-13,Industrials
6992.0,0.5046312212944031,1.0,SIEGn.DE,2014-11-14,Industrials
6993.0,0.5029058456420898,1.0,SIEGn.DE,2014-11-17,Industrials
6994.0,0.5029281377792358,1.0,SIEGn.DE,2014-11-18,Industrials
6995.0,0.5030022263526917,0.0,SIEGn.DE,2014-11-19,Industrials
6996.0,0.5015861988067627,0.0,SIEGn.DE,2014-11-20,Industrials
6997.0,0.5012933611869812,1.0,SIEGn.DE,2014-11-21,Industrials
6998.0,0.5013889074325562,1.0,SIEGn.DE,2014-11-24,Industrials
6999.0,0.500557005405426,1.0,SIEGn.DE,2014-11-25,Industrials
7000.0,0.5012974739074707,1.0,TKAG.DE,2013-11-28,Basic Materials
7001.0,0.5014639496803284,0.0,TKAG.DE,2013-11-29,Basic Materials
7002.0,0.5012987852096558,0.0,TKAG.DE,2013-12-02,Basic Materials
7003.0,0.5001117587089539,0.0,TKAG.DE,2013-12-03,Basic Materials
7004.0,0.49866726994514465,1.0,TKAG.DE,2013-12-04,Basic Materials
7005.0,0.5007507801055908,1.0,TKAG.DE,2013-12-05,Basic Materials
7006.0,0.5022504329681396,1.0,TKAG.DE,2013-12-06,Basic Materials
7007.0,0.4986508786678314,0.0,TKAG.DE,2013-12-09,Basic Materials
7008.0,0.497903972864151,1.0,TKAG.DE,2013-12-10,Basic Materials
7009.0,0.4982150197029114,0.0,TKAG.DE,2013-12-11,Basic Materials
7010.0,0.4997859001159668,0.0,TKAG.DE,2013-12-12,Basic Materials
7011.0,0.5003176331520081,1.0,TKAG.DE,2013-12-13,Basic Materials
7012.0,0.5004973411560059,0.0,TKAG.DE,2013-12-16,Basic Materials
7013.0,0.5000317692756653,0.0,TKAG.DE,2013-12-17,Basic Materials
7014.0,0.49930861592292786,1.0,TKAG.DE,2013-12-18,Basic Materials
7015.0,0.5001406669616699,0.0,TKAG.DE,2013-12-19,Basic Materials
7016.0,0.5013530850410461,1.0,TKAG.DE,2013-12-20,Basic Materials
7017.0,0.5011741518974304,0.0,TKAG.DE,2013-12-23,Basic Materials
7018.0,0.5025385618209839,1.0,TKAG.DE,2013-12-27,Basic Materials
7019.0,0.5030566453933716,1.0,TKAG.DE,2013-12-30,Basic Materials
7020.0,0.503552258014679,0.0,TKAG.DE,2014-01-02,Basic Materials
7021.0,0.5033316612243652,1.0,TKAG.DE,2014-01-03,Basic Materials
7022.0,0.5028746128082275,1.0,TKAG.DE,2014-01-06,Basic Materials
7023.0,0.5023742318153381,1.0,TKAG.DE,2014-01-07,Basic Materials
7024.0,0.501909613609314,1.0,TKAG.DE,2014-01-08,Basic Materials
7025.0,0.5026612281799316,0.0,TKAG.DE,2014-01-09,Basic Materials
7026.0,0.5038744807243347,0.0,TKAG.DE,2014-01-10,Basic Materials
7027.0,0.5050345659255981,1.0,TKAG.DE,2014-01-13,Basic Materials
7028.0,0.5059510469436646,1.0,TKAG.DE,2014-01-14,Basic Materials
7029.0,0.5033093094825745,0.0,TKAG.DE,2014-01-15,Basic Materials
7030.0,0.5031472444534302,1.0,TKAG.DE,2014-01-16,Basic Materials
7031.0,0.5031505823135376,1.0,TKAG.DE,2014-01-17,Basic Materials
7032.0,0.5036396384239197,0.0,TKAG.DE,2014-01-20,Basic Materials
7033.0,0.5036059021949768,0.0,TKAG.DE,2014-01-21,Basic Materials
7034.0,0.5023928284645081,1.0,TKAG.DE,2014-01-22,Basic Materials
7035.0,0.5015962719917297,1.0,TKAG.DE,2014-01-23,Basic Materials
7036.0,0.5038613080978394,0.0,TKAG.DE,2014-01-24,Basic Materials
7037.0,0.5045581459999084,1.0,TKAG.DE,2014-01-27,Basic Materials
7038.0,0.504898190498352,1.0,TKAG.DE,2014-01-28,Basic Materials
7039.0,0.5049214363098145,1.0,TKAG.DE,2014-01-29,Basic Materials
7040.0,0.5061333775520325,0.0,TKAG.DE,2014-01-30,Basic Materials
7041.0,0.504431962966919,1.0,TKAG.DE,2014-01-31,Basic Materials
7042.0,0.5025739669799805,1.0,TKAG.DE,2014-02-03,Basic Materials
7043.0,0.5025757551193237,0.0,TKAG.DE,2014-02-04,Basic Materials
7044.0,0.5019378066062927,0.0,TKAG.DE,2014-02-05,Basic Materials
7045.0,0.5001999735832214,1.0,TKAG.DE,2014-02-06,Basic Materials
7046.0,0.5001432299613953,1.0,TKAG.DE,2014-02-07,Basic Materials
7047.0,0.5012916326522827,1.0,TKAG.DE,2014-02-10,Basic Materials
7048.0,0.5018415451049805,0.0,TKAG.DE,2014-02-11,Basic Materials
7049.0,0.5010596513748169,1.0,TKAG.DE,2014-02-12,Basic Materials
7050.0,0.5011837482452393,0.0,TKAG.DE,2014-02-13,Basic Materials
7051.0,0.5013645887374878,1.0,TKAG.DE,2014-02-14,Basic Materials
7052.0,0.5003949403762817,0.0,TKAG.DE,2014-02-17,Basic Materials
7053.0,0.4987926781177521,1.0,TKAG.DE,2014-02-18,Basic Materials
7054.0,0.49949735403060913,1.0,TKAG.DE,2014-02-19,Basic Materials
7055.0,0.5018529295921326,0.0,TKAG.DE,2014-02-20,Basic Materials
7056.0,0.5027413964271545,1.0,TKAG.DE,2014-02-21,Basic Materials
7057.0,0.501985490322113,0.0,TKAG.DE,2014-02-24,Basic Materials
7058.0,0.5043849945068359,0.0,TKAG.DE,2014-02-25,Basic Materials
7059.0,0.5044475197792053,0.0,TKAG.DE,2014-02-26,Basic Materials
7060.0,0.5072260499000549,0.0,TKAG.DE,2014-02-27,Basic Materials
7061.0,0.5057520866394043,0.0,TKAG.DE,2014-02-28,Basic Materials
7062.0,0.5046370625495911,0.0,TKAG.DE,2014-03-03,Basic Materials
7063.0,0.5046722292900085,1.0,TKAG.DE,2014-03-04,Basic Materials
7064.0,0.5026161670684814,1.0,TKAG.DE,2014-03-05,Basic Materials
7065.0,0.5023725032806396,1.0,TKAG.DE,2014-03-06,Basic Materials
7066.0,0.5023471117019653,1.0,TKAG.DE,2014-03-07,Basic Materials
7067.0,0.5017264485359192,0.0,TKAG.DE,2014-03-10,Basic Materials
7068.0,0.5008382201194763,0.0,TKAG.DE,2014-03-11,Basic Materials
7069.0,0.49887076020240784,0.0,TKAG.DE,2014-03-12,Basic Materials
7070.0,0.5001882910728455,0.0,TKAG.DE,2014-03-13,Basic Materials
7071.0,0.5015531182289124,0.0,TKAG.DE,2014-03-14,Basic Materials
7072.0,0.5025951862335205,0.0,TKAG.DE,2014-03-17,Basic Materials
7073.0,0.5020912885665894,1.0,TKAG.DE,2014-03-18,Basic Materials
7074.0,0.5004703402519226,0.0,TKAG.DE,2014-03-19,Basic Materials
7075.0,0.49989673495292664,1.0,TKAG.DE,2014-03-20,Basic Materials
7076.0,0.4989209473133087,1.0,TKAG.DE,2014-03-21,Basic Materials
7077.0,0.49788907170295715,0.0,TKAG.DE,2014-03-24,Basic Materials
7078.0,0.49773359298706055,0.0,TKAG.DE,2014-03-25,Basic Materials
7079.0,0.49864399433135986,1.0,TKAG.DE,2014-03-26,Basic Materials
7080.0,0.5005332827568054,1.0,TKAG.DE,2014-03-27,Basic Materials
7081.0,0.5010365843772888,1.0,TKAG.DE,2014-03-28,Basic Materials
7082.0,0.5029636025428772,1.0,TKAG.DE,2014-03-31,Basic Materials
7083.0,0.5045381784439087,1.0,TKAG.DE,2014-04-01,Basic Materials
7084.0,0.5033922791481018,0.0,TKAG.DE,2014-04-02,Basic Materials
7085.0,0.5022069811820984,1.0,TKAG.DE,2014-04-03,Basic Materials
7086.0,0.5037335157394409,1.0,TKAG.DE,2014-04-04,Basic Materials
7087.0,0.5041075944900513,0.0,TKAG.DE,2014-04-07,Basic Materials
7088.0,0.5056988596916199,1.0,TKAG.DE,2014-04-08,Basic Materials
7089.0,0.5058073401451111,1.0,TKAG.DE,2014-04-09,Basic Materials
7090.0,0.5058800578117371,0.0,TKAG.DE,2014-04-10,Basic Materials
7091.0,0.5048125982284546,0.0,TKAG.DE,2014-04-11,Basic Materials
7092.0,0.5048473477363586,1.0,TKAG.DE,2014-04-14,Basic Materials
7093.0,0.5028105974197388,0.0,TKAG.DE,2014-04-15,Basic Materials
7094.0,0.502581000328064,1.0,TKAG.DE,2014-04-16,Basic Materials
7095.0,0.5032721757888794,1.0,TKAG.DE,2014-04-17,Basic Materials
7096.0,0.5022921562194824,1.0,TKAG.DE,2014-04-22,Basic Materials
7097.0,0.5006297826766968,1.0,TKAG.DE,2014-04-23,Basic Materials
7098.0,0.5000573992729187,1.0,TKAG.DE,2014-04-24,Basic Materials
7099.0,0.49880775809288025,0.0,TKAG.DE,2014-04-25,Basic Materials
7100.0,0.49954745173454285,0.0,TKAG.DE,2014-04-28,Basic Materials
7101.0,0.5009554624557495,0.0,TKAG.DE,2014-04-29,Basic Materials
7102.0,0.5023878812789917,1.0,TKAG.DE,2014-04-30,Basic Materials
7103.0,0.503603458404541,1.0,TKAG.DE,2014-05-02,Basic Materials
7104.0,0.5057357549667358,1.0,TKAG.DE,2014-05-05,Basic Materials
7105.0,0.5054497718811035,1.0,TKAG.DE,2014-05-06,Basic Materials
7106.0,0.5047715902328491,0.0,TKAG.DE,2014-05-07,Basic Materials
7107.0,0.5024202466011047,0.0,TKAG.DE,2014-05-08,Basic Materials
7108.0,0.5015262961387634,0.0,TKAG.DE,2014-05-09,Basic Materials
7109.0,0.501704752445221,1.0,TKAG.DE,2014-05-12,Basic Materials
7110.0,0.5023224949836731,1.0,TKAG.DE,2014-05-13,Basic Materials
7111.0,0.5029941201210022,1.0,TKAG.DE,2014-05-14,Basic Materials
7112.0,0.5027695894241333,0.0,TKAG.DE,2014-05-15,Basic Materials
7113.0,0.5022178292274475,1.0,TKAG.DE,2014-05-16,Basic Materials
7114.0,0.5018814206123352,0.0,TKAG.DE,2014-05-19,Basic Materials
7115.0,0.5014241337776184,0.0,TKAG.DE,2014-05-20,Basic Materials
7116.0,0.501387357711792,0.0,TKAG.DE,2014-05-21,Basic Materials
7117.0,0.5008953213691711,1.0,TKAG.DE,2014-05-22,Basic Materials
7118.0,0.5031018853187561,1.0,TKAG.DE,2014-05-23,Basic Materials
7119.0,0.5068225860595703,1.0,TKAG.DE,2014-05-26,Basic Materials
7120.0,0.5076392889022827,0.0,TKAG.DE,2014-05-27,Basic Materials
7121.0,0.5054008960723877,0.0,TKAG.DE,2014-05-28,Basic Materials
7122.0,0.504665732383728,0.0,TKAG.DE,2014-05-29,Basic Materials
7123.0,0.503250777721405,0.0,TKAG.DE,2014-05-30,Basic Materials
7124.0,0.5012035369873047,0.0,TKAG.DE,2014-06-02,Basic Materials
7125.0,0.5001853704452515,0.0,TKAG.DE,2014-06-03,Basic Materials
7126.0,0.5002087354660034,0.0,TKAG.DE,2014-06-04,Basic Materials
7127.0,0.5008375644683838,1.0,TKAG.DE,2014-06-05,Basic Materials
7128.0,0.5024065971374512,0.0,TKAG.DE,2014-06-06,Basic Materials
7129.0,0.5023271441459656,1.0,TKAG.DE,2014-06-09,Basic Materials
7130.0,0.5014870762825012,0.0,TKAG.DE,2014-06-10,Basic Materials
7131.0,0.5008533596992493,0.0,TKAG.DE,2014-06-11,Basic Materials
7132.0,0.49971339106559753,0.0,TKAG.DE,2014-06-12,Basic Materials
7133.0,0.49914979934692383,0.0,TKAG.DE,2014-06-13,Basic Materials
7134.0,0.4983311593532562,0.0,TKAG.DE,2014-06-16,Basic Materials
7135.0,0.4980686604976654,1.0,TKAG.DE,2014-06-17,Basic Materials
7136.0,0.4991146922111511,1.0,TKAG.DE,2014-06-18,Basic Materials
7137.0,0.49918827414512634,1.0,TKAG.DE,2014-06-19,Basic Materials
7138.0,0.5007803440093994,0.0,TKAG.DE,2014-06-20,Basic Materials
7139.0,0.5001908540725708,1.0,TKAG.DE,2014-06-23,Basic Materials
7140.0,0.49959447979927063,0.0,TKAG.DE,2014-06-24,Basic Materials
7141.0,0.49925753474235535,0.0,TKAG.DE,2014-06-25,Basic Materials
7142.0,0.49888744950294495,0.0,TKAG.DE,2014-06-26,Basic Materials
7143.0,0.49857306480407715,1.0,TKAG.DE,2014-06-27,Basic Materials
7144.0,0.49938395619392395,0.0,TKAG.DE,2014-06-30,Basic Materials
7145.0,0.5002694725990295,0.0,TKAG.DE,2014-07-01,Basic Materials
7146.0,0.5011254549026489,1.0,TKAG.DE,2014-07-02,Basic Materials
7147.0,0.5008776783943176,1.0,TKAG.DE,2014-07-03,Basic Materials
7148.0,0.502322256565094,1.0,TKAG.DE,2014-07-04,Basic Materials
7149.0,0.502358615398407,1.0,TKAG.DE,2014-07-07,Basic Materials
7150.0,0.5011143088340759,1.0,TKAG.DE,2014-07-08,Basic Materials
7151.0,0.5000573992729187,0.0,TKAG.DE,2014-07-09,Basic Materials
7152.0,0.500056803226471,0.0,TKAG.DE,2014-07-10,Basic Materials
7153.0,0.5000467896461487,0.0,TKAG.DE,2014-07-11,Basic Materials
7154.0,0.5004875659942627,1.0,TKAG.DE,2014-07-14,Basic Materials
7155.0,0.5029574632644653,0.0,TKAG.DE,2014-07-15,Basic Materials
7156.0,0.504811704158783,1.0,TKAG.DE,2014-07-16,Basic Materials
7157.0,0.5058634877204895,0.0,TKAG.DE,2014-07-17,Basic Materials
7158.0,0.5047826766967773,0.0,TKAG.DE,2014-07-18,Basic Materials
7159.0,0.503254234790802,0.0,TKAG.DE,2014-07-21,Basic Materials
7160.0,0.5013136267662048,0.0,TKAG.DE,2014-07-22,Basic Materials
7161.0,0.49946749210357666,0.0,TKAG.DE,2014-07-23,Basic Materials
7162.0,0.498668372631073,1.0,TKAG.DE,2014-07-24,Basic Materials
7163.0,0.4997516870498657,0.0,TKAG.DE,2014-07-25,Basic Materials
7164.0,0.49962106347084045,0.0,TKAG.DE,2014-07-28,Basic Materials
7165.0,0.5016430616378784,1.0,TKAG.DE,2014-07-29,Basic Materials
7166.0,0.5012851357460022,1.0,TKAG.DE,2014-07-30,Basic Materials
7167.0,0.5002296566963196,1.0,TKAG.DE,2014-07-31,Basic Materials
7168.0,0.4992159605026245,0.0,TKAG.DE,2014-08-01,Basic Materials
7169.0,0.4993270933628082,0.0,TKAG.DE,2014-08-04,Basic Materials
7170.0,0.49927717447280884,0.0,TKAG.DE,2014-08-05,Basic Materials
7171.0,0.500794529914856,0.0,TKAG.DE,2014-08-06,Basic Materials
7172.0,0.5003539323806763,1.0,TKAG.DE,2014-08-07,Basic Materials
7173.0,0.4999692738056183,1.0,TKAG.DE,2014-08-08,Basic Materials
7174.0,0.5003951787948608,1.0,TKAG.DE,2014-08-11,Basic Materials
7175.0,0.5009518265724182,1.0,TKAG.DE,2014-08-12,Basic Materials
7176.0,0.5001855492591858,1.0,TKAG.DE,2014-08-13,Basic Materials
7177.0,0.4988802671432495,1.0,TKAG.DE,2014-08-14,Basic Materials
7178.0,0.49789348244667053,0.0,TKAG.DE,2014-08-15,Basic Materials
7179.0,0.4977814555168152,1.0,TKAG.DE,2014-08-18,Basic Materials
7180.0,0.49745529890060425,1.0,TKAG.DE,2014-08-19,Basic Materials
7181.0,0.49734431505203247,1.0,TKAG.DE,2014-08-20,Basic Materials
7182.0,0.4999047517776489,0.0,TKAG.DE,2014-08-21,Basic Materials
7183.0,0.5026668906211853,0.0,TKAG.DE,2014-08-22,Basic Materials
7184.0,0.502658486366272,0.0,TKAG.DE,2014-08-25,Basic Materials
7185.0,0.5038458108901978,1.0,TKAG.DE,2014-08-26,Basic Materials
7186.0,0.5041200518608093,1.0,TKAG.DE,2014-08-27,Basic Materials
7187.0,0.502331018447876,1.0,TKAG.DE,2014-08-28,Basic Materials
7188.0,0.5035417675971985,0.0,TKAG.DE,2014-08-29,Basic Materials
7189.0,0.5051764249801636,0.0,TKAG.DE,2014-09-01,Basic Materials
7190.0,0.5049493908882141,1.0,TKAG.DE,2014-09-02,Basic Materials
7191.0,0.5034024715423584,0.0,TKAG.DE,2014-09-03,Basic Materials
7192.0,0.5019795894622803,1.0,TKAG.DE,2014-09-04,Basic Materials
7193.0,0.5020569562911987,1.0,TKAG.DE,2014-09-05,Basic Materials
7194.0,0.5024893879890442,0.0,TKAG.DE,2014-09-08,Basic Materials
7195.0,0.5026124119758606,1.0,TKAG.DE,2014-09-09,Basic Materials
7196.0,0.5017073154449463,0.0,TKAG.DE,2014-09-10,Basic Materials
7197.0,0.5010972619056702,0.0,TKAG.DE,2014-09-11,Basic Materials
7198.0,0.5008726119995117,0.0,TKAG.DE,2014-09-12,Basic Materials
7199.0,0.5009444355964661,0.0,TKAG.DE,2014-09-15,Basic Materials
7200.0,0.5015661716461182,0.0,TKAG.DE,2014-09-16,Basic Materials
7201.0,0.5034263730049133,1.0,TKAG.DE,2014-09-17,Basic Materials
7202.0,0.5041742324829102,0.0,TKAG.DE,2014-09-18,Basic Materials
7203.0,0.5037057399749756,0.0,TKAG.DE,2014-09-19,Basic Materials
7204.0,0.5033825635910034,1.0,TKAG.DE,2014-09-22,Basic Materials
7205.0,0.5021857023239136,0.0,TKAG.DE,2014-09-23,Basic Materials
7206.0,0.5012406706809998,1.0,TKAG.DE,2014-09-24,Basic Materials
7207.0,0.500075101852417,0.0,TKAG.DE,2014-09-25,Basic Materials
7208.0,0.4995301365852356,1.0,TKAG.DE,2014-09-26,Basic Materials
7209.0,0.49911290407180786,0.0,TKAG.DE,2014-09-29,Basic Materials
7210.0,0.5002226829528809,0.0,TKAG.DE,2014-09-30,Basic Materials
7211.0,0.5010796785354614,0.0,TKAG.DE,2014-10-01,Basic Materials
7212.0,0.5008797645568848,0.0,TKAG.DE,2014-10-02,Basic Materials
7213.0,0.5003746747970581,1.0,TKAG.DE,2014-10-06,Basic Materials
7214.0,0.4988233149051666,0.0,TKAG.DE,2014-10-07,Basic Materials
7215.0,0.49876564741134644,1.0,TKAG.DE,2014-10-08,Basic Materials
7216.0,0.497821182012558,1.0,TKAG.DE,2014-10-09,Basic Materials
7217.0,0.498089462518692,0.0,TKAG.DE,2014-10-10,Basic Materials
7218.0,0.4979495406150818,0.0,TKAG.DE,2014-10-13,Basic Materials
7219.0,0.49835941195487976,0.0,TKAG.DE,2014-10-14,Basic Materials
7220.0,0.49777719378471375,0.0,TKAG.DE,2014-10-15,Basic Materials
7221.0,0.49681001901626587,1.0,TKAG.DE,2014-10-16,Basic Materials
7222.0,0.49701905250549316,0.0,TKAG.DE,2014-10-17,Basic Materials
7223.0,0.49681955575942993,0.0,TKAG.DE,2014-10-20,Basic Materials
7224.0,0.49682754278182983,1.0,TKAG.DE,2014-10-21,Basic Materials
7225.0,0.49738526344299316,0.0,TKAG.DE,2014-10-22,Basic Materials
7226.0,0.4971678555011749,1.0,TKAG.DE,2014-10-23,Basic Materials
7227.0,0.4972383975982666,0.0,TKAG.DE,2014-10-24,Basic Materials
7228.0,0.4976246953010559,0.0,TKAG.DE,2014-10-27,Basic Materials
7229.0,0.4972619116306305,0.0,TKAG.DE,2014-10-28,Basic Materials
7230.0,0.4981713593006134,0.0,TKAG.DE,2014-10-29,Basic Materials
7231.0,0.500993013381958,0.0,TKAG.DE,2014-10-30,Basic Materials
7232.0,0.5013442635536194,0.0,TKAG.DE,2014-10-31,Basic Materials
7233.0,0.5045382976531982,1.0,TKAG.DE,2014-11-03,Basic Materials
7234.0,0.5056822896003723,0.0,TKAG.DE,2014-11-04,Basic Materials
7235.0,0.5081409811973572,0.0,TKAG.DE,2014-11-05,Basic Materials
7236.0,0.5075005292892456,1.0,TKAG.DE,2014-11-06,Basic Materials
7237.0,0.5058075189590454,1.0,TKAG.DE,2014-11-07,Basic Materials
7238.0,0.5059062838554382,0.0,TKAG.DE,2014-11-10,Basic Materials
7239.0,0.5051050186157227,0.0,TKAG.DE,2014-11-11,Basic Materials
7240.0,0.503930926322937,1.0,TKAG.DE,2014-11-12,Basic Materials
7241.0,0.5048489570617676,1.0,TKAG.DE,2014-11-13,Basic Materials
7242.0,0.5048394799232483,0.0,TKAG.DE,2014-11-14,Basic Materials
7243.0,0.5030039548873901,1.0,TKAG.DE,2014-11-17,Basic Materials
7244.0,0.5020330548286438,1.0,TKAG.DE,2014-11-18,Basic Materials
7245.0,0.5029885172843933,0.0,TKAG.DE,2014-11-19,Basic Materials
7246.0,0.5034451484680176,1.0,TKAG.DE,2014-11-20,Basic Materials
7247.0,0.5033413767814636,1.0,TKAG.DE,2014-11-21,Basic Materials
7248.0,0.5024392604827881,1.0,TKAG.DE,2014-11-24,Basic Materials
7249.0,0.5014621019363403,0.0,TKAG.DE,2014-11-25,Basic Materials
7250.0,0.5014152526855469,0.0,VOWG_p.DE,2013-11-28,Consumer Cyclicals
7251.0,0.5015667080879211,0.0,VOWG_p.DE,2013-11-29,Consumer Cyclicals
7252.0,0.5012996196746826,1.0,VOWG_p.DE,2013-12-02,Consumer Cyclicals
7253.0,0.5009920001029968,0.0,VOWG_p.DE,2013-12-03,Consumer Cyclicals
7254.0,0.5007879734039307,1.0,VOWG_p.DE,2013-12-04,Consumer Cyclicals
7255.0,0.5001518726348877,0.0,VOWG_p.DE,2013-12-05,Consumer Cyclicals
7256.0,0.49986255168914795,1.0,VOWG_p.DE,2013-12-06,Consumer Cyclicals
7257.0,0.4992021918296814,1.0,VOWG_p.DE,2013-12-09,Consumer Cyclicals
7258.0,0.498805433511734,0.0,VOWG_p.DE,2013-12-10,Consumer Cyclicals
7259.0,0.4985063672065735,1.0,VOWG_p.DE,2013-12-11,Consumer Cyclicals
7260.0,0.4994533956050873,1.0,VOWG_p.DE,2013-12-12,Consumer Cyclicals
7261.0,0.5000308156013489,1.0,VOWG_p.DE,2013-12-13,Consumer Cyclicals
7262.0,0.499366819858551,1.0,VOWG_p.DE,2013-12-16,Consumer Cyclicals
7263.0,0.4991563856601715,1.0,VOWG_p.DE,2013-12-17,Consumer Cyclicals
7264.0,0.4990423321723938,1.0,VOWG_p.DE,2013-12-18,Consumer Cyclicals
7265.0,0.499252051115036,0.0,VOWG_p.DE,2013-12-19,Consumer Cyclicals
7266.0,0.5005554556846619,1.0,VOWG_p.DE,2013-12-20,Consumer Cyclicals
7267.0,0.5013170838356018,1.0,VOWG_p.DE,2013-12-23,Consumer Cyclicals
7268.0,0.502362072467804,1.0,VOWG_p.DE,2013-12-27,Consumer Cyclicals
7269.0,0.5033182501792908,1.0,VOWG_p.DE,2013-12-30,Consumer Cyclicals
7270.0,0.5036253333091736,0.0,VOWG_p.DE,2014-01-02,Consumer Cyclicals
7271.0,0.5040396451950073,0.0,VOWG_p.DE,2014-01-03,Consumer Cyclicals
7272.0,0.5043792128562927,0.0,VOWG_p.DE,2014-01-06,Consumer Cyclicals
7273.0,0.5046109557151794,1.0,VOWG_p.DE,2014-01-07,Consumer Cyclicals
7274.0,0.5047367215156555,0.0,VOWG_p.DE,2014-01-08,Consumer Cyclicals
7275.0,0.5049137473106384,1.0,VOWG_p.DE,2014-01-09,Consumer Cyclicals
7276.0,0.5040459036827087,1.0,VOWG_p.DE,2014-01-10,Consumer Cyclicals
7277.0,0.5030099749565125,0.0,VOWG_p.DE,2014-01-13,Consumer Cyclicals
7278.0,0.5020578503608704,0.0,VOWG_p.DE,2014-01-14,Consumer Cyclicals
7279.0,0.5001574754714966,1.0,VOWG_p.DE,2014-01-15,Consumer Cyclicals
7280.0,0.4992598295211792,0.0,VOWG_p.DE,2014-01-16,Consumer Cyclicals
7281.0,0.49842318892478943,1.0,VOWG_p.DE,2014-01-17,Consumer Cyclicals
7282.0,0.49860891699790955,1.0,VOWG_p.DE,2014-01-20,Consumer Cyclicals
7283.0,0.4988679587841034,0.0,VOWG_p.DE,2014-01-21,Consumer Cyclicals
7284.0,0.4988378584384918,0.0,VOWG_p.DE,2014-01-22,Consumer Cyclicals
7285.0,0.49983587861061096,0.0,VOWG_p.DE,2014-01-23,Consumer Cyclicals
7286.0,0.5003631711006165,0.0,VOWG_p.DE,2014-01-24,Consumer Cyclicals
7287.0,0.49918001890182495,1.0,VOWG_p.DE,2014-01-27,Consumer Cyclicals
7288.0,0.5005506873130798,1.0,VOWG_p.DE,2014-01-28,Consumer Cyclicals
7289.0,0.5009048581123352,0.0,VOWG_p.DE,2014-01-29,Consumer Cyclicals
7290.0,0.5012943148612976,0.0,VOWG_p.DE,2014-01-30,Consumer Cyclicals
7291.0,0.5012714266777039,0.0,VOWG_p.DE,2014-01-31,Consumer Cyclicals
7292.0,0.5008915066719055,0.0,VOWG_p.DE,2014-02-03,Consumer Cyclicals
7293.0,0.5002614855766296,0.0,VOWG_p.DE,2014-02-04,Consumer Cyclicals
7294.0,0.499191552400589,1.0,VOWG_p.DE,2014-02-05,Consumer Cyclicals
7295.0,0.4978141486644745,0.0,VOWG_p.DE,2014-02-06,Consumer Cyclicals
7296.0,0.4973156750202179,1.0,VOWG_p.DE,2014-02-07,Consumer Cyclicals
7297.0,0.4985549747943878,1.0,VOWG_p.DE,2014-02-10,Consumer Cyclicals
7298.0,0.49842923879623413,1.0,VOWG_p.DE,2014-02-11,Consumer Cyclicals
7299.0,0.4982144236564636,1.0,VOWG_p.DE,2014-02-12,Consumer Cyclicals
7300.0,0.4979204535484314,1.0,VOWG_p.DE,2014-02-13,Consumer Cyclicals
7301.0,0.4975282847881317,1.0,VOWG_p.DE,2014-02-14,Consumer Cyclicals
7302.0,0.49723708629608154,1.0,VOWG_p.DE,2014-02-17,Consumer Cyclicals
7303.0,0.4979645609855652,0.0,VOWG_p.DE,2014-02-18,Consumer Cyclicals
7304.0,0.4994257986545563,0.0,VOWG_p.DE,2014-02-19,Consumer Cyclicals
7305.0,0.5007420778274536,0.0,VOWG_p.DE,2014-02-20,Consumer Cyclicals
7306.0,0.5019654631614685,1.0,VOWG_p.DE,2014-02-21,Consumer Cyclicals
7307.0,0.5044259428977966,0.0,VOWG_p.DE,2014-02-24,Consumer Cyclicals
7308.0,0.5061998963356018,1.0,VOWG_p.DE,2014-02-25,Consumer Cyclicals
7309.0,0.5064643025398254,0.0,VOWG_p.DE,2014-02-26,Consumer Cyclicals
7310.0,0.5064605474472046,1.0,VOWG_p.DE,2014-02-27,Consumer Cyclicals
7311.0,0.5055744051933289,0.0,VOWG_p.DE,2014-02-28,Consumer Cyclicals
7312.0,0.5041286945343018,1.0,VOWG_p.DE,2014-03-03,Consumer Cyclicals
7313.0,0.5025759935379028,0.0,VOWG_p.DE,2014-03-04,Consumer Cyclicals
7314.0,0.5006195306777954,0.0,VOWG_p.DE,2014-03-05,Consumer Cyclicals
7315.0,0.5008372664451599,1.0,VOWG_p.DE,2014-03-06,Consumer Cyclicals
7316.0,0.4992397427558899,1.0,VOWG_p.DE,2014-03-07,Consumer Cyclicals
7317.0,0.49862805008888245,0.0,VOWG_p.DE,2014-03-10,Consumer Cyclicals
7318.0,0.49869203567504883,1.0,VOWG_p.DE,2014-03-11,Consumer Cyclicals
7319.0,0.49887192249298096,1.0,VOWG_p.DE,2014-03-12,Consumer Cyclicals
7320.0,0.5000827312469482,1.0,VOWG_p.DE,2014-03-13,Consumer Cyclicals
7321.0,0.5004520416259766,0.0,VOWG_p.DE,2014-03-14,Consumer Cyclicals
7322.0,0.5010121464729309,1.0,VOWG_p.DE,2014-03-17,Consumer Cyclicals
7323.0,0.5005874037742615,0.0,VOWG_p.DE,2014-03-18,Consumer Cyclicals
7324.0,0.49946969747543335,1.0,VOWG_p.DE,2014-03-19,Consumer Cyclicals
7325.0,0.5000372529029846,0.0,VOWG_p.DE,2014-03-20,Consumer Cyclicals
7326.0,0.5003485083580017,0.0,VOWG_p.DE,2014-03-21,Consumer Cyclicals
7327.0,0.5002246499061584,1.0,VOWG_p.DE,2014-03-24,Consumer Cyclicals
7328.0,0.5000360608100891,1.0,VOWG_p.DE,2014-03-25,Consumer Cyclicals
7329.0,0.5011938214302063,1.0,VOWG_p.DE,2014-03-26,Consumer Cyclicals
7330.0,0.501762866973877,1.0,VOWG_p.DE,2014-03-27,Consumer Cyclicals
7331.0,0.5025232434272766,1.0,VOWG_p.DE,2014-03-28,Consumer Cyclicals
7332.0,0.502284824848175,0.0,VOWG_p.DE,2014-03-31,Consumer Cyclicals
7333.0,0.5017348527908325,1.0,VOWG_p.DE,2014-04-01,Consumer Cyclicals
7334.0,0.5007782578468323,0.0,VOWG_p.DE,2014-04-02,Consumer Cyclicals
7335.0,0.5016987323760986,0.0,VOWG_p.DE,2014-04-03,Consumer Cyclicals
7336.0,0.5030383467674255,1.0,VOWG_p.DE,2014-04-04,Consumer Cyclicals
7337.0,0.5034621357917786,1.0,VOWG_p.DE,2014-04-07,Consumer Cyclicals
7338.0,0.5051762461662292,1.0,VOWG_p.DE,2014-04-08,Consumer Cyclicals
7339.0,0.504726767539978,1.0,VOWG_p.DE,2014-04-09,Consumer Cyclicals
7340.0,0.5045641660690308,1.0,VOWG_p.DE,2014-04-10,Consumer Cyclicals
7341.0,0.5034510493278503,1.0,VOWG_p.DE,2014-04-11,Consumer Cyclicals
7342.0,0.5029102563858032,0.0,VOWG_p.DE,2014-04-14,Consumer Cyclicals
7343.0,0.5015587210655212,1.0,VOWG_p.DE,2014-04-15,Consumer Cyclicals
7344.0,0.5008847117424011,1.0,VOWG_p.DE,2014-04-16,Consumer Cyclicals
7345.0,0.5033958554267883,1.0,VOWG_p.DE,2014-04-17,Consumer Cyclicals
7346.0,0.5034882426261902,0.0,VOWG_p.DE,2014-04-22,Consumer Cyclicals
7347.0,0.5024071931838989,0.0,VOWG_p.DE,2014-04-23,Consumer Cyclicals
7348.0,0.5010063052177429,1.0,VOWG_p.DE,2014-04-24,Consumer Cyclicals
7349.0,0.4994566738605499,0.0,VOWG_p.DE,2014-04-25,Consumer Cyclicals
7350.0,0.5005260705947876,1.0,VOWG_p.DE,2014-04-28,Consumer Cyclicals
7351.0,0.5017250180244446,0.0,VOWG_p.DE,2014-04-29,Consumer Cyclicals
7352.0,0.5027653574943542,1.0,VOWG_p.DE,2014-04-30,Consumer Cyclicals
7353.0,0.5035723447799683,0.0,VOWG_p.DE,2014-05-02,Consumer Cyclicals
7354.0,0.5044374465942383,1.0,VOWG_p.DE,2014-05-05,Consumer Cyclicals
7355.0,0.503119707107544,0.0,VOWG_p.DE,2014-05-06,Consumer Cyclicals
7356.0,0.5023064613342285,0.0,VOWG_p.DE,2014-05-07,Consumer Cyclicals
7357.0,0.5007489919662476,1.0,VOWG_p.DE,2014-05-08,Consumer Cyclicals
7358.0,0.5005174875259399,0.0,VOWG_p.DE,2014-05-09,Consumer Cyclicals
7359.0,0.49974218010902405,0.0,VOWG_p.DE,2014-05-12,Consumer Cyclicals
7360.0,0.5001185536384583,0.0,VOWG_p.DE,2014-05-13,Consumer Cyclicals
7361.0,0.5009657144546509,1.0,VOWG_p.DE,2014-05-14,Consumer Cyclicals
7362.0,0.5002063512802124,1.0,VOWG_p.DE,2014-05-15,Consumer Cyclicals
7363.0,0.4999011158943176,1.0,VOWG_p.DE,2014-05-16,Consumer Cyclicals
7364.0,0.49931490421295166,1.0,VOWG_p.DE,2014-05-19,Consumer Cyclicals
7365.0,0.49890896677970886,1.0,VOWG_p.DE,2014-05-20,Consumer Cyclicals
7366.0,0.5002967119216919,1.0,VOWG_p.DE,2014-05-21,Consumer Cyclicals
7367.0,0.5006531476974487,0.0,VOWG_p.DE,2014-05-22,Consumer Cyclicals
7368.0,0.5011380314826965,1.0,VOWG_p.DE,2014-05-23,Consumer Cyclicals
7369.0,0.5011751055717468,1.0,VOWG_p.DE,2014-05-26,Consumer Cyclicals
7370.0,0.5015200972557068,0.0,VOWG_p.DE,2014-05-27,Consumer Cyclicals
7371.0,0.5011099576950073,0.0,VOWG_p.DE,2014-05-28,Consumer Cyclicals
7372.0,0.5010047554969788,1.0,VOWG_p.DE,2014-05-29,Consumer Cyclicals
7373.0,0.5015532970428467,0.0,VOWG_p.DE,2014-05-30,Consumer Cyclicals
7374.0,0.5016693472862244,1.0,VOWG_p.DE,2014-06-02,Consumer Cyclicals
7375.0,0.5017607808113098,1.0,VOWG_p.DE,2014-06-03,Consumer Cyclicals
7376.0,0.5015466809272766,0.0,VOWG_p.DE,2014-06-04,Consumer Cyclicals
7377.0,0.5020348429679871,1.0,VOWG_p.DE,2014-06-05,Consumer Cyclicals
7378.0,0.5027813911437988,1.0,VOWG_p.DE,2014-06-06,Consumer Cyclicals
7379.0,0.5025330185890198,0.0,VOWG_p.DE,2014-06-09,Consumer Cyclicals
7380.0,0.5019209980964661,0.0,VOWG_p.DE,2014-06-10,Consumer Cyclicals
7381.0,0.5015941262245178,1.0,VOWG_p.DE,2014-06-11,Consumer Cyclicals
7382.0,0.5010806322097778,1.0,VOWG_p.DE,2014-06-12,Consumer Cyclicals
7383.0,0.5009209513664246,0.0,VOWG_p.DE,2014-06-13,Consumer Cyclicals
7384.0,0.5006736516952515,0.0,VOWG_p.DE,2014-06-16,Consumer Cyclicals
7385.0,0.49956533312797546,1.0,VOWG_p.DE,2014-06-17,Consumer Cyclicals
7386.0,0.5002115368843079,0.0,VOWG_p.DE,2014-06-18,Consumer Cyclicals
7387.0,0.5008594393730164,1.0,VOWG_p.DE,2014-06-19,Consumer Cyclicals
7388.0,0.5009602308273315,0.0,VOWG_p.DE,2014-06-20,Consumer Cyclicals
7389.0,0.5003378987312317,0.0,VOWG_p.DE,2014-06-23,Consumer Cyclicals
7390.0,0.5003286004066467,0.0,VOWG_p.DE,2014-06-24,Consumer Cyclicals
7391.0,0.5006211996078491,1.0,VOWG_p.DE,2014-06-25,Consumer Cyclicals
7392.0,0.5002884864807129,0.0,VOWG_p.DE,2014-06-26,Consumer Cyclicals
7393.0,0.49972236156463623,0.0,VOWG_p.DE,2014-06-27,Consumer Cyclicals
7394.0,0.4998149573802948,1.0,VOWG_p.DE,2014-06-30,Consumer Cyclicals
7395.0,0.49976667761802673,0.0,VOWG_p.DE,2014-07-01,Consumer Cyclicals
7396.0,0.5004926323890686,0.0,VOWG_p.DE,2014-07-02,Consumer Cyclicals
7397.0,0.5004479885101318,0.0,VOWG_p.DE,2014-07-03,Consumer Cyclicals
7398.0,0.4998106062412262,0.0,VOWG_p.DE,2014-07-04,Consumer Cyclicals
7399.0,0.4993567168712616,0.0,VOWG_p.DE,2014-07-07,Consumer Cyclicals
7400.0,0.4988037347793579,0.0,VOWG_p.DE,2014-07-08,Consumer Cyclicals
7401.0,0.4981507956981659,0.0,VOWG_p.DE,2014-07-09,Consumer Cyclicals
7402.0,0.498286634683609,1.0,VOWG_p.DE,2014-07-10,Consumer Cyclicals
7403.0,0.49890604615211487,1.0,VOWG_p.DE,2014-07-11,Consumer Cyclicals
7404.0,0.499504417181015,0.0,VOWG_p.DE,2014-07-14,Consumer Cyclicals
7405.0,0.5000386834144592,1.0,VOWG_p.DE,2014-07-15,Consumer Cyclicals
7406.0,0.5001655220985413,1.0,VOWG_p.DE,2014-07-16,Consumer Cyclicals
7407.0,0.5000359416007996,0.0,VOWG_p.DE,2014-07-17,Consumer Cyclicals
7408.0,0.49907732009887695,0.0,VOWG_p.DE,2014-07-18,Consumer Cyclicals
7409.0,0.4978599548339844,0.0,VOWG_p.DE,2014-07-21,Consumer Cyclicals
7410.0,0.49751606583595276,0.0,VOWG_p.DE,2014-07-22,Consumer Cyclicals
7411.0,0.49777358770370483,1.0,VOWG_p.DE,2014-07-23,Consumer Cyclicals
7412.0,0.498599648475647,0.0,VOWG_p.DE,2014-07-24,Consumer Cyclicals
7413.0,0.49964824318885803,0.0,VOWG_p.DE,2014-07-25,Consumer Cyclicals
7414.0,0.5001599788665771,0.0,VOWG_p.DE,2014-07-28,Consumer Cyclicals
7415.0,0.501449465751648,1.0,VOWG_p.DE,2014-07-29,Consumer Cyclicals
7416.0,0.5004739165306091,0.0,VOWG_p.DE,2014-07-30,Consumer Cyclicals
7417.0,0.4996345043182373,1.0,VOWG_p.DE,2014-07-31,Consumer Cyclicals
7418.0,0.49880921840667725,1.0,VOWG_p.DE,2014-08-01,Consumer Cyclicals
7419.0,0.49907904863357544,1.0,VOWG_p.DE,2014-08-04,Consumer Cyclicals
7420.0,0.49998900294303894,0.0,VOWG_p.DE,2014-08-05,Consumer Cyclicals
7421.0,0.5003092288970947,0.0,VOWG_p.DE,2014-08-06,Consumer Cyclicals
7422.0,0.4994678497314453,1.0,VOWG_p.DE,2014-08-07,Consumer Cyclicals
7423.0,0.4982527494430542,0.0,VOWG_p.DE,2014-08-08,Consumer Cyclicals
7424.0,0.4984024465084076,0.0,VOWG_p.DE,2014-08-11,Consumer Cyclicals
7425.0,0.4983961284160614,1.0,VOWG_p.DE,2014-08-12,Consumer Cyclicals
7426.0,0.4983676075935364,0.0,VOWG_p.DE,2014-08-13,Consumer Cyclicals
7427.0,0.4982275068759918,0.0,VOWG_p.DE,2014-08-14,Consumer Cyclicals
7428.0,0.498442679643631,0.0,VOWG_p.DE,2014-08-15,Consumer Cyclicals
7429.0,0.49803370237350464,0.0,VOWG_p.DE,2014-08-18,Consumer Cyclicals
7430.0,0.4977279305458069,1.0,VOWG_p.DE,2014-08-19,Consumer Cyclicals
7431.0,0.4974916875362396,1.0,VOWG_p.DE,2014-08-20,Consumer Cyclicals
7432.0,0.49745097756385803,0.0,VOWG_p.DE,2014-08-21,Consumer Cyclicals
7433.0,0.4991258978843689,1.0,VOWG_p.DE,2014-08-22,Consumer Cyclicals
7434.0,0.49974557757377625,0.0,VOWG_p.DE,2014-08-25,Consumer Cyclicals
7435.0,0.5002562403678894,0.0,VOWG_p.DE,2014-08-26,Consumer Cyclicals
7436.0,0.5005576014518738,0.0,VOWG_p.DE,2014-08-27,Consumer Cyclicals
7437.0,0.4998657703399658,0.0,VOWG_p.DE,2014-08-28,Consumer Cyclicals
7438.0,0.500436007976532,0.0,VOWG_p.DE,2014-08-29,Consumer Cyclicals
7439.0,0.5021276473999023,0.0,VOWG_p.DE,2014-09-01,Consumer Cyclicals
7440.0,0.503170907497406,1.0,VOWG_p.DE,2014-09-02,Consumer Cyclicals
7441.0,0.5036714673042297,1.0,VOWG_p.DE,2014-09-03,Consumer Cyclicals
7442.0,0.5030748248100281,1.0,VOWG_p.DE,2014-09-04,Consumer Cyclicals
7443.0,0.5035043954849243,1.0,VOWG_p.DE,2014-09-05,Consumer Cyclicals
7444.0,0.5034919381141663,0.0,VOWG_p.DE,2014-09-08,Consumer Cyclicals
7445.0,0.5025539398193359,0.0,VOWG_p.DE,2014-09-09,Consumer Cyclicals
7446.0,0.5010623335838318,0.0,VOWG_p.DE,2014-09-10,Consumer Cyclicals
7447.0,0.4999336302280426,1.0,VOWG_p.DE,2014-09-11,Consumer Cyclicals
7448.0,0.49923083186149597,1.0,VOWG_p.DE,2014-09-12,Consumer Cyclicals
7449.0,0.4997074604034424,0.0,VOWG_p.DE,2014-09-15,Consumer Cyclicals
7450.0,0.5010505318641663,0.0,VOWG_p.DE,2014-09-16,Consumer Cyclicals
7451.0,0.50284343957901,0.0,VOWG_p.DE,2014-09-17,Consumer Cyclicals
7452.0,0.5039002895355225,1.0,VOWG_p.DE,2014-09-18,Consumer Cyclicals
7453.0,0.5036628246307373,0.0,VOWG_p.DE,2014-09-19,Consumer Cyclicals
7454.0,0.5021619200706482,0.0,VOWG_p.DE,2014-09-22,Consumer Cyclicals
7455.0,0.5007399916648865,0.0,VOWG_p.DE,2014-09-23,Consumer Cyclicals
7456.0,0.5002102851867676,0.0,VOWG_p.DE,2014-09-24,Consumer Cyclicals
7457.0,0.4996897876262665,0.0,VOWG_p.DE,2014-09-25,Consumer Cyclicals
7458.0,0.49947214126586914,0.0,VOWG_p.DE,2014-09-26,Consumer Cyclicals
7459.0,0.49914804100990295,0.0,VOWG_p.DE,2014-09-29,Consumer Cyclicals
7460.0,0.4990832507610321,0.0,VOWG_p.DE,2014-09-30,Consumer Cyclicals
7461.0,0.49978235363960266,0.0,VOWG_p.DE,2014-10-01,Consumer Cyclicals
7462.0,0.5002774596214294,1.0,VOWG_p.DE,2014-10-02,Consumer Cyclicals
7463.0,0.4996483027935028,0.0,VOWG_p.DE,2014-10-06,Consumer Cyclicals
7464.0,0.49847039580345154,1.0,VOWG_p.DE,2014-10-07,Consumer Cyclicals
7465.0,0.4979795217514038,0.0,VOWG_p.DE,2014-10-08,Consumer Cyclicals
7466.0,0.4971499741077423,1.0,VOWG_p.DE,2014-10-09,Consumer Cyclicals
7467.0,0.4970692992210388,0.0,VOWG_p.DE,2014-10-10,Consumer Cyclicals
7468.0,0.4970799684524536,1.0,VOWG_p.DE,2014-10-13,Consumer Cyclicals
7469.0,0.4973597228527069,1.0,VOWG_p.DE,2014-10-14,Consumer Cyclicals
7470.0,0.4969067871570587,0.0,VOWG_p.DE,2014-10-15,Consumer Cyclicals
7471.0,0.4963284432888031,1.0,VOWG_p.DE,2014-10-16,Consumer Cyclicals
7472.0,0.49635520577430725,1.0,VOWG_p.DE,2014-10-17,Consumer Cyclicals
7473.0,0.49695679545402527,0.0,VOWG_p.DE,2014-10-20,Consumer Cyclicals
7474.0,0.49715736508369446,0.0,VOWG_p.DE,2014-10-21,Consumer Cyclicals
7475.0,0.4978322684764862,0.0,VOWG_p.DE,2014-10-22,Consumer Cyclicals
7476.0,0.49725908041000366,0.0,VOWG_p.DE,2014-10-23,Consumer Cyclicals
7477.0,0.4983547329902649,1.0,VOWG_p.DE,2014-10-24,Consumer Cyclicals
7478.0,0.5001707077026367,0.0,VOWG_p.DE,2014-10-27,Consumer Cyclicals
7479.0,0.49950775504112244,0.0,VOWG_p.DE,2014-10-28,Consumer Cyclicals
7480.0,0.5007753968238831,1.0,VOWG_p.DE,2014-10-29,Consumer Cyclicals
7481.0,0.5051308870315552,1.0,VOWG_p.DE,2014-10-30,Consumer Cyclicals
7482.0,0.5048648715019226,1.0,VOWG_p.DE,2014-10-31,Consumer Cyclicals
7483.0,0.5056037306785583,1.0,VOWG_p.DE,2014-11-03,Consumer Cyclicals
7484.0,0.5056034326553345,0.0,VOWG_p.DE,2014-11-04,Consumer Cyclicals
7485.0,0.5057331919670105,0.0,VOWG_p.DE,2014-11-05,Consumer Cyclicals
7486.0,0.5047826766967773,1.0,VOWG_p.DE,2014-11-06,Consumer Cyclicals
7487.0,0.5031554102897644,0.0,VOWG_p.DE,2014-11-07,Consumer Cyclicals
7488.0,0.5035126209259033,0.0,VOWG_p.DE,2014-11-10,Consumer Cyclicals
7489.0,0.5038750767707825,0.0,VOWG_p.DE,2014-11-11,Consumer Cyclicals
7490.0,0.5050872564315796,0.0,VOWG_p.DE,2014-11-12,Consumer Cyclicals
7491.0,0.5073385834693909,0.0,VOWG_p.DE,2014-11-13,Consumer Cyclicals
7492.0,0.5067558884620667,1.0,VOWG_p.DE,2014-11-14,Consumer Cyclicals
7493.0,0.5051103234291077,1.0,VOWG_p.DE,2014-11-17,Consumer Cyclicals
7494.0,0.5048574805259705,1.0,VOWG_p.DE,2014-11-18,Consumer Cyclicals
7495.0,0.5051682591438293,0.0,VOWG_p.DE,2014-11-19,Consumer Cyclicals
7496.0,0.5035161375999451,1.0,VOWG_p.DE,2014-11-20,Consumer Cyclicals
7497.0,0.5027704238891602,0.0,VOWG_p.DE,2014-11-21,Consumer Cyclicals
7498.0,0.501880407333374,1.0,VOWG_p.DE,2014-11-24,Consumer Cyclicals
7499.0,0.500394880771637,1.0,VOWG_p.DE,2014-11-25,Consumer Cyclicals
